theta,m,t,delta,set
0.43078291609245417,1,0.030684475245207513,1.0,train
0.28768207245178085,1,0.2456813917506693,1.0,train
0.5978370007556204,2,0.10679247712917128,0.0,train
0.05129329438755048,0,4.18808726577541,0.0,train
0.5978370007556204,8,0.042561560683561775,1.0,train
0.28768207245178085,4,0.07456246771857991,1.0,train
0.05129329438755048,0,0.5538452623646173,0.0,train
0.28768207245178085,2,0.043295913875619964,1.0,train
0.43078291609245417,0,3.0844792851282437,0.0,train
0.05129329438755048,0,1.9643534937302383,0.0,train
0.28768207245178085,1,3.761946810792507,1.0,train
0.28768207245178085,4,0.10580816101373736,1.0,train
0.16251892949777494,0,1.884954065431859,0.0,train
0.05129329438755048,0,4.656941800693307,0.0,train
0.28768207245178085,0,2.572774623264782,0.0,train
0.16251892949777494,1,1.2239715498741353,1.0,train
0.05129329438755048,0,5.131160353431973,0.0,train
0.28768207245178085,0,5.505637951935844,0.0,train
0.05129329438755048,0,3.7896159478366536,0.0,train
0.28768207245178085,1,1.2335266246944592,0.0,train
0.05129329438755048,0,1.3715556908180866,0.0,train
0.28768207245178085,3,0.02416090891981133,1.0,train
0.05129329438755048,0,3.9350155920460157,0.0,train
0.16251892949777494,0,4.308763338591325,0.0,train
0.28768207245178085,0,1.591175566514493,0.0,train
0.5978370007556204,0,5.469846028166171,0.0,train
0.43078291609245417,1,0.562734158953027,1.0,train
0.5978370007556204,2,0.40569782531314447,1.0,train
0.28768207245178085,0,0.0257937861762656,0.0,train
0.5978370007556204,0,4.932920834736077,0.0,train
0.28768207245178085,0,1.5889515365435996,0.0,train
0.16251892949777494,0,2.7311675570071134,0.0,train
0.05129329438755048,0,1.932515542541774,0.0,train
0.16251892949777494,0,2.75744970049562,0.0,train
0.05129329438755048,0,3.214368756003738,0.0,train
0.5978370007556204,0,1.9965046684549759,0.0,train
0.28768207245178085,1,1.8607255079895428,0.0,train
0.43078291609245417,0,5.874223278104631,0.0,train
0.16251892949777494,0,2.334189175685169,0.0,train
0.5978370007556204,3,0.01600732844332642,0.0,train
0.16251892949777494,0,3.6359334957650704,0.0,train
0.16251892949777494,0,0.9581073620463603,0.0,train
0.28768207245178085,0,3.0813927236438143,0.0,train
0.16251892949777494,0,5.538913050585174,0.0,train
0.5978370007556204,2,1.0848821845192511,1.0,train
0.16251892949777494,0,0.44970276593337144,0.0,train
0.43078291609245417,0,3.06261232523356,0.0,train
0.43078291609245417,0,2.5584517676285206,0.0,train
0.5978370007556204,0,4.874216860461525,0.0,train
0.5978370007556204,1,0.516629485037216,1.0,train
0.05129329438755048,0,0.3674591115656125,0.0,train
0.16251892949777494,0,4.041479801420875,0.0,train
0.16251892949777494,0,4.131300012450337,0.0,train
0.28768207245178085,2,0.24888382579259707,1.0,train
0.16251892949777494,0,0.6115727251053904,0.0,train
0.16251892949777494,0,3.4048918902661276,0.0,train
0.43078291609245417,0,1.540635246823921,0.0,train
0.43078291609245417,0,4.479052409396244,0.0,train
0.43078291609245417,0,1.9548850879516777,0.0,train
0.43078291609245417,0,0.22479156419022917,0.0,train
0.5978370007556204,0,1.5664091097890938,0.0,train
0.16251892949777494,0,3.0756722051515064,0.0,train
0.28768207245178085,0,0.0412256302220535,0.0,train
0.43078291609245417,0,2.182186745896004,0.0,train
0.28768207245178085,0,2.346298155453793,0.0,train
0.43078291609245417,0,5.006476557363183,0.0,train
0.28768207245178085,0,0.24889772508892238,0.0,train
0.05129329438755048,1,1.1184692165073031,1.0,train
0.43078291609245417,0,5.807043994767973,0.0,train
0.05129329438755048,0,2.6119941395665256,0.0,train
0.05129329438755048,0,4.478383558445636,0.0,train
0.16251892949777494,1,1.3711751077935974,1.0,train
0.5978370007556204,1,0.08135780447083663,1.0,train
0.43078291609245417,1,0.30710975347671127,1.0,train
0.16251892949777494,2,0.16904646847214913,1.0,train
0.16251892949777494,0,0.179165881397918,0.0,train
0.28768207245178085,0,1.1964866322253342,0.0,train
0.28768207245178085,3,0.15869502545275188,1.0,train
0.05129329438755048,0,5.419199140051617,0.0,train
0.43078291609245417,0,2.2295473541543283,0.0,train
0.28768207245178085,0,3.819895982083204,0.0,train
0.5978370007556204,10,0.03431181094055237,1.0,train
0.05129329438755048,0,3.476131539531712,0.0,train
0.5978370007556204,5,0.07718387366233448,1.0,train
0.16251892949777494,0,2.678314185153776,0.0,train
0.28768207245178085,0,4.768006627892849,0.0,train
0.16251892949777494,0,4.597102243562179,0.0,train
0.05129329438755048,0,2.364915714891876,0.0,train
0.5978370007556204,1,0.21660943932485707,1.0,train
0.28768207245178085,0,1.7848258023634644,0.0,train
0.43078291609245417,0,1.3368493756956508,0.0,train
0.5978370007556204,0,1.098728847219133,0.0,train
0.43078291609245417,0,0.7946637202647864,0.0,train
0.05129329438755048,0,1.6069480766613902,0.0,train
0.05129329438755048,0,3.6468024407896955,0.0,train
0.28768207245178085,0,4.088701075288283,0.0,train
0.28768207245178085,0,2.430497210624093,0.0,train
0.16251892949777494,1,0.5018872921346706,1.0,train
0.43078291609245417,0,2.3900360262804567,0.0,train
0.05129329438755048,0,3.3552505399683277,0.0,train
0.43078291609245417,1,2.656064367797331,1.0,train
0.05129329438755048,0,5.824457176042658,0.0,train
0.16251892949777494,0,0.5000252799585501,0.0,train
0.05129329438755048,0,1.2175549269495864,0.0,train
0.28768207245178085,0,3.199989481581949,0.0,train
0.43078291609245417,0,2.60005911604701,0.0,train
0.43078291609245417,2,0.064356171130621,1.0,train
0.16251892949777494,1,0.2777800462066186,1.0,train
0.43078291609245417,2,0.1890856985712982,1.0,train
0.05129329438755048,0,3.875609519675249,0.0,train
0.28768207245178085,0,3.8551802185770114,0.0,train
0.43078291609245417,3,0.42605155639726794,1.0,train
0.05129329438755048,0,3.145490524509336,0.0,train
0.5978370007556204,6,0.09143646534774635,1.0,train
0.05129329438755048,0,0.3159567680605895,0.0,train
0.16251892949777494,0,2.681408397102027,0.0,train
0.16251892949777494,0,0.3400764722226475,0.0,train
0.05129329438755048,0,5.215874708273733,0.0,train
0.16251892949777494,0,0.635500353133631,0.0,train
0.5978370007556204,16,0.0006210690264088546,1.0,train
0.16251892949777494,0,3.7634630280875223,0.0,train
0.05129329438755048,1,0.10150524320223386,0.0,train
0.28768207245178085,0,3.886502003030885,0.0,train
0.05129329438755048,0,3.151641472117431,0.0,train
0.5978370007556204,0,2.227925773725727,0.0,train
0.28768207245178085,0,2.042879622246068,0.0,train
0.05129329438755048,0,2.448591831409598,0.0,train
0.28768207245178085,0,0.1330679970737636,0.0,train
0.5978370007556204,2,0.03224333418343128,1.0,train
0.16251892949777494,1,0.33806533655402654,1.0,train
0.43078291609245417,0,4.161208861649339,0.0,train
0.28768207245178085,0,1.341518324831936,0.0,train
0.43078291609245417,0,0.7157956916142016,0.0,train
0.16251892949777494,0,4.861654891511349,0.0,train
0.43078291609245417,0,3.0697676815170896,0.0,train
0.05129329438755048,0,2.519341892208508,0.0,train
0.28768207245178085,0,4.4162108667306175,0.0,train
0.43078291609245417,0,5.840121009470927,0.0,train
0.43078291609245417,0,5.018386265168976,0.0,train
0.5978370007556204,7,0.36088494979276614,1.0,train
0.28768207245178085,0,3.3332182291447783,0.0,train
0.28768207245178085,0,2.1314042467184486,0.0,train
0.43078291609245417,1,0.5217207145910119,1.0,train
0.05129329438755048,0,5.292279657118462,0.0,train
0.5978370007556204,0,3.6024374459504513,0.0,train
0.28768207245178085,0,4.869269259056594,0.0,train
0.43078291609245417,0,5.140520244290747,0.0,train
0.28768207245178085,1,2.6871555883088365,1.0,train
0.43078291609245417,0,1.661900424305036,0.0,train
0.05129329438755048,0,5.522087574794007,0.0,train
0.05129329438755048,0,1.3209717367619218,0.0,train
0.28768207245178085,1,0.03169169621593082,0.0,train
0.5978370007556204,1,0.4917231906706777,1.0,train
0.5978370007556204,0,4.140300755443722,0.0,train
0.28768207245178085,0,4.9577678555462725,0.0,train
0.28768207245178085,2,0.4484125992442811,1.0,train
0.28768207245178085,0,2.8090075371831826,0.0,train
0.05129329438755048,0,3.103441298131285,0.0,train
0.05129329438755048,1,0.5223156846385693,1.0,train
0.28768207245178085,0,5.0875331137963995,0.0,train
0.43078291609245417,1,0.6150561825858514,1.0,train
0.5978370007556204,0,3.323645003957854,0.0,train
0.16251892949777494,0,0.3151065137222322,0.0,train
0.43078291609245417,0,0.5969832468939518,0.0,train
0.5978370007556204,0,2.7985270887002143,0.0,train
0.5978370007556204,0,3.4795655688328226,0.0,train
0.43078291609245417,1,0.19570390364778648,1.0,train
0.28768207245178085,0,0.8363422684464401,0.0,train
0.5978370007556204,0,2.2431794696143834,0.0,train
0.28768207245178085,0,3.179034658414271,0.0,train
0.43078291609245417,0,3.0814224526489964,0.0,train
0.5978370007556204,0,1.8572094094247273,0.0,train
0.16251892949777494,0,5.497333776347006,0.0,train
0.5978370007556204,0,1.4999949600679616,0.0,train
0.16251892949777494,0,4.227309928405609,0.0,train
0.05129329438755048,1,3.500418795785558,1.0,train
0.28768207245178085,1,0.19338412299518928,1.0,train
0.05129329438755048,0,4.9751918649698235,0.0,train
0.16251892949777494,0,4.0266019863225395,0.0,train
0.05129329438755048,0,0.8777860579642727,0.0,train
0.28768207245178085,0,5.1597868748110205,0.0,train
0.5978370007556204,0,2.89876698772615,0.0,train
0.43078291609245417,0,1.6158819265031974,0.0,train
0.5978370007556204,0,0.47200512970760733,0.0,train
0.05129329438755048,0,3.8213802250407856,0.0,train
0.43078291609245417,0,4.965353055761367,0.0,train
0.28768207245178085,1,0.6278778838757361,1.0,train
0.43078291609245417,0,2.0474338314219196,0.0,train
0.43078291609245417,0,5.878013632844249,0.0,train
0.28768207245178085,0,2.5193958293841736,0.0,train
0.05129329438755048,0,2.3027120768290077,0.0,train
0.05129329438755048,1,1.1373094646159776,0.0,train
0.5978370007556204,0,1.767067394992083,0.0,train
0.16251892949777494,0,1.322720663999533,0.0,train
0.43078291609245417,0,1.9423802539308455,0.0,train
0.16251892949777494,0,5.4053508065301745,0.0,train
0.5978370007556204,4,0.149985947137501,1.0,train
0.5978370007556204,0,1.0353955814255755,0.0,train
0.28768207245178085,4,0.1621758358480636,1.0,train
0.28768207245178085,1,1.8525065371160756,1.0,train
0.28768207245178085,4,0.06179052729303867,1.0,train
0.05129329438755048,0,2.8768272957177663,0.0,train
0.05129329438755048,0,4.012209423803055,0.0,train
0.5978370007556204,0,3.5520924206624684,0.0,train
0.16251892949777494,0,0.28909103445472395,0.0,train
0.05129329438755048,0,0.5988580037470788,0.0,train
0.28768207245178085,0,5.89420427922962,0.0,train
0.43078291609245417,1,1.3037742445668608,0.0,train
0.16251892949777494,1,1.3809258362121557,1.0,train
0.43078291609245417,0,3.9994060021836964,0.0,train
0.43078291609245417,0,1.7722230500186817,0.0,train
0.5978370007556204,0,3.493303756592371,0.0,train
0.05129329438755048,0,5.781722624619106,0.0,train
0.5978370007556204,0,0.8727285183978704,0.0,train
0.5978370007556204,4,0.626217089218213,1.0,train
0.43078291609245417,3,0.49261167749321033,1.0,train
0.28768207245178085,0,5.814252441845793,0.0,train
0.28768207245178085,0,5.707954115577377,0.0,train
0.05129329438755048,0,5.390317202102002,0.0,train
0.16251892949777494,0,0.9454756242397155,0.0,train
0.43078291609245417,1,0.2723124244494064,1.0,train
0.5978370007556204,0,0.8669877835590996,0.0,train
0.5978370007556204,0,3.6459337816114483,0.0,train
0.28768207245178085,0,4.865983368130377,0.0,train
0.5978370007556204,1,0.06994030674636265,1.0,train
0.5978370007556204,3,0.68338781001535,1.0,train
0.28768207245178085,0,3.680290423944256,0.0,train
0.05129329438755048,0,0.7093107570855202,0.0,train
0.05129329438755048,0,1.346205876181395,0.0,train
0.5978370007556204,0,4.575060252835064,0.0,train
0.05129329438755048,0,4.164960100211218,0.0,train
0.43078291609245417,0,2.420639800013368,0.0,train
0.28768207245178085,0,5.989885339524703,0.0,train
0.28768207245178085,1,0.0008252964344357812,1.0,train
0.5978370007556204,0,4.551663929056858,0.0,train
0.28768207245178085,1,0.017595545313033843,1.0,train
0.43078291609245417,0,0.27992134916908507,0.0,train
0.43078291609245417,0,4.442385072032885,0.0,train
0.5978370007556204,1,0.4587844937504334,1.0,train
0.28768207245178085,3,0.16006293604653862,1.0,train
0.43078291609245417,8,0.09394044502259963,1.0,train
0.5978370007556204,4,0.18419702995673382,1.0,train
0.05129329438755048,0,0.8454689890009601,0.0,train
0.28768207245178085,0,3.4711224361966364,0.0,train
0.5978370007556204,0,0.1223114328980528,0.0,train
0.5978370007556204,0,1.3086841390976376,0.0,train
0.05129329438755048,0,5.668499211787605,0.0,train
0.16251892949777494,0,4.349580782305778,0.0,train
0.5978370007556204,0,4.357374819981299,0.0,train
0.16251892949777494,0,1.716771961344616,0.0,train
0.05129329438755048,0,1.8533055713275837,0.0,train
0.05129329438755048,0,0.730029382120343,0.0,train
0.28768207245178085,0,2.0757836045492226,0.0,train
0.05129329438755048,0,2.9776148480458176,0.0,train
0.28768207245178085,0,3.104251068331622,0.0,train
0.5978370007556204,3,0.6032397314308269,1.0,train
0.5978370007556204,14,0.008833231493355765,1.0,train
0.16251892949777494,0,4.269898379645431,0.0,train
0.28768207245178085,0,3.6417156450551387,0.0,train
0.43078291609245417,4,0.5924382090749336,1.0,train
0.43078291609245417,1,0.0046007809285165836,1.0,train
0.05129329438755048,0,1.3307087379080058,0.0,train
0.5978370007556204,0,4.202767224844374,0.0,train
0.5978370007556204,6,0.6245352348308995,1.0,train
0.5978370007556204,0,0.33541856428553185,0.0,train
0.05129329438755048,0,4.613929499446103,0.0,train
0.28768207245178085,0,2.5623436324345663,0.0,train
0.5978370007556204,1,0.5106355969589921,1.0,train
0.16251892949777494,0,2.180831123135507,0.0,train
0.16251892949777494,0,0.8059817781103493,0.0,train
0.05129329438755048,0,1.0019538860353188,0.0,train
0.16251892949777494,0,5.924056906563541,0.0,train
0.16251892949777494,0,0.9650834778927753,0.0,train
0.16251892949777494,0,5.823837261351664,0.0,train
0.5978370007556204,0,4.240303129050163,0.0,train
0.43078291609245417,0,5.569396011816192,0.0,train
0.28768207245178085,0,4.57838853877974,0.0,train
0.5978370007556204,0,5.167096241287309,0.0,train
0.28768207245178085,0,5.558672373086936,0.0,train
0.05129329438755048,0,2.8311933680714976,0.0,train
0.05129329438755048,0,2.3824496371009367,0.0,train
0.16251892949777494,0,5.747156941397514,0.0,train
0.28768207245178085,0,1.3696674261700323,0.0,train
0.5978370007556204,0,5.388330988731289,0.0,train
0.16251892949777494,1,0.6188424613728389,1.0,train
0.43078291609245417,0,5.584642288212258,0.0,train
0.05129329438755048,0,3.568863365870364,0.0,train
0.16251892949777494,0,2.464579327665716,0.0,train
0.43078291609245417,0,0.7940018691013402,0.0,train
0.28768207245178085,1,0.2766234621986188,0.0,train
0.5978370007556204,1,2.223605680869246,1.0,train
0.5978370007556204,1,0.32675336826973944,0.0,train
0.43078291609245417,0,0.02540162224499154,0.0,train
0.05129329438755048,0,1.2957599035909542,0.0,train
0.5978370007556204,0,2.231547251114817,0.0,train
0.05129329438755048,0,0.03591076791331038,0.0,train
0.05129329438755048,0,2.365239793719308,0.0,train
0.05129329438755048,0,3.1220644734691354,0.0,train
0.16251892949777494,0,4.849330093813179,0.0,train
0.43078291609245417,2,0.5664298629266753,1.0,train
0.28768207245178085,0,0.22642409252606788,0.0,train
0.28768207245178085,0,3.730603238253697,0.0,train
0.05129329438755048,0,4.677448521661212,0.0,train
0.43078291609245417,0,1.1411754347913157,0.0,train
0.28768207245178085,0,0.757774838913287,0.0,train
0.28768207245178085,0,4.569879679357398,0.0,train
0.43078291609245417,5,0.06270946449776522,1.0,train
0.28768207245178085,0,5.206241931258896,0.0,train
0.43078291609245417,0,3.8426354073268776,0.0,train
0.5978370007556204,36,0.005159458164498265,1.0,train
0.05129329438755048,0,0.6711764704194967,0.0,train
0.43078291609245417,0,0.48526423250490347,0.0,train
0.43078291609245417,0,2.2182994581179747,0.0,train
0.43078291609245417,0,3.162497006539512,0.0,train
0.28768207245178085,0,1.6571261019541967,0.0,train
0.05129329438755048,0,2.075631805720845,0.0,train
0.43078291609245417,1,1.5172159402216305,1.0,train
0.05129329438755048,0,3.601688243391653,0.0,train
0.43078291609245417,2,0.4183165490324753,1.0,train
0.05129329438755048,0,2.871132910668685,0.0,train
0.5978370007556204,2,0.40922505894924693,1.0,train
0.43078291609245417,2,0.06386033399863747,1.0,train
0.28768207245178085,0,3.512426450103848,0.0,train
0.05129329438755048,0,4.291861767341234,0.0,train
0.43078291609245417,0,2.830164866238775,0.0,train
0.43078291609245417,1,0.10179112104850407,0.0,train
0.43078291609245417,0,5.37458254788643,0.0,train
0.05129329438755048,0,0.7008947759420072,0.0,train
0.43078291609245417,0,2.554091089852532,0.0,train
0.16251892949777494,0,1.969597012526397,0.0,train
0.16251892949777494,0,5.535289445297748,0.0,train
0.28768207245178085,1,0.31852378186945773,1.0,train
0.05129329438755048,0,0.35043844007711744,0.0,train
0.5978370007556204,2,0.12796377917656127,1.0,train
0.5978370007556204,0,3.866860420160626,0.0,train
0.43078291609245417,0,0.5676914392471022,0.0,train
0.5978370007556204,0,3.117031607939895,0.0,train
0.16251892949777494,0,2.525502271488816,0.0,train
0.43078291609245417,1,0.019312962217898376,1.0,train
0.16251892949777494,0,1.6787734908686662,0.0,train
0.5978370007556204,1,0.2524935013862497,0.0,train
0.28768207245178085,1,0.7183569828115927,1.0,train
0.16251892949777494,0,3.2145024992672786,0.0,train
0.43078291609245417,0,0.9023632052574551,0.0,train
0.43078291609245417,5,0.006583723536771363,1.0,train
0.28768207245178085,0,1.1609448223799583,0.0,train
0.5978370007556204,0,4.958622671140299,0.0,train
0.5978370007556204,4,0.12476232231026634,1.0,train
0.16251892949777494,1,1.8231805918340613,0.0,train
0.16251892949777494,0,4.4521624402771565,0.0,train
0.05129329438755048,0,0.9568484562119515,0.0,train
0.43078291609245417,0,4.677015681656433,0.0,train
0.28768207245178085,0,4.2971640974298655,0.0,train
0.5978370007556204,2,0.05471294963544772,1.0,train
0.16251892949777494,0,2.8406334045958355,0.0,train
0.5978370007556204,12,0.041641194019875594,1.0,train
0.28768207245178085,0,3.349104921597868,0.0,train
0.28768207245178085,0,1.615350025659989,0.0,train
0.28768207245178085,0,2.4174443914599415,0.0,train
0.28768207245178085,0,2.0818053588632974,0.0,train
0.05129329438755048,0,3.1552066703521855,0.0,train
0.16251892949777494,0,3.23772315824809,0.0,train
0.5978370007556204,0,0.0386761811813523,0.0,train
0.5978370007556204,0,0.30665842525695863,0.0,train
0.16251892949777494,0,1.977800466787953,0.0,train
0.16251892949777494,2,0.12210555144893422,1.0,train
0.16251892949777494,0,4.02253316844023,0.0,train
0.5978370007556204,7,0.022372057668441792,1.0,train
0.5978370007556204,0,3.911212937414974,0.0,train
0.05129329438755048,0,3.744808230456594,0.0,train
0.43078291609245417,0,0.6935161746804466,0.0,train
0.28768207245178085,0,4.5984679499864605,0.0,train
0.28768207245178085,0,0.37230662920615964,0.0,train
0.5978370007556204,0,0.22727629065283406,0.0,train
0.28768207245178085,0,5.279476900868897,0.0,train
0.05129329438755048,0,0.39147846784876883,0.0,train
0.05129329438755048,0,1.3913836354516276,0.0,train
0.43078291609245417,0,2.026473300707495,0.0,train
0.05129329438755048,0,0.2878993444560478,0.0,train
0.16251892949777494,0,5.987122543460208,0.0,train
0.28768207245178085,1,0.887904027327443,1.0,train
0.5978370007556204,2,0.10213236583290226,1.0,train
0.43078291609245417,0,3.499481835887229,0.0,train
0.16251892949777494,0,2.7548957939928904,0.0,train
0.28768207245178085,0,3.0352385236455057,0.0,train
0.5978370007556204,2,0.2778272015677499,1.0,train
0.05129329438755048,0,3.7893939774375944,0.0,train
0.43078291609245417,3,0.12595139858606869,1.0,train
0.05129329438755048,0,0.2731306783013585,0.0,train
0.16251892949777494,0,4.995812689259962,0.0,train
0.43078291609245417,0,5.812763358436941,0.0,train
0.05129329438755048,0,1.839279378680464,0.0,train
0.05129329438755048,0,4.753157567616655,0.0,train
0.16251892949777494,0,4.397310670534406,0.0,train
0.43078291609245417,0,4.755038379434282,0.0,train
0.16251892949777494,0,5.786626317331936,0.0,train
0.5978370007556204,0,0.8996925185877258,0.0,train
0.16251892949777494,0,4.805189804902829,0.0,train
0.43078291609245417,1,0.49473703207317454,1.0,train
0.43078291609245417,0,3.485546789654342,0.0,train
0.16251892949777494,0,2.3100970274929855,0.0,train
0.5978370007556204,0,2.474487520553734,0.0,train
0.28768207245178085,1,0.39602787835206377,1.0,train
0.5978370007556204,0,0.3505416402986745,0.0,train
0.43078291609245417,2,0.6445612202303751,1.0,train
0.28768207245178085,0,2.621779914344625,0.0,train
0.05129329438755048,0,2.976015113939861,0.0,train
0.16251892949777494,0,3.877115873841398,0.0,train
0.05129329438755048,0,5.284183007980456,0.0,train
0.16251892949777494,0,5.85340602161239,0.0,train
0.05129329438755048,0,4.149262701848255,0.0,train
0.05129329438755048,0,4.870936973823044,0.0,train
0.43078291609245417,0,1.0119302684738685,0.0,train
0.05129329438755048,0,5.22721708073408,0.0,train
0.5978370007556204,0,3.284470420847118,0.0,train
0.43078291609245417,4,0.19165421680069306,1.0,train
0.05129329438755048,1,1.0401240192211885,1.0,train
0.43078291609245417,3,0.6018791239350549,0.0,train
0.5978370007556204,0,0.5073545892110662,0.0,train
0.16251892949777494,0,2.1502024640672364,0.0,train
0.28768207245178085,0,0.8497949583306776,0.0,train
0.28768207245178085,0,2.777445361085281,0.0,train
0.05129329438755048,0,4.5868377313304185,0.0,train
0.28768207245178085,0,5.054729307694749,0.0,train
0.05129329438755048,0,2.3327537271143837,0.0,train
0.05129329438755048,0,0.7542956708120301,0.0,train
0.5978370007556204,2,0.5345789675241062,1.0,train
0.16251892949777494,0,5.7073261640803095,0.0,train
0.28768207245178085,1,2.4997232494694757,1.0,train
0.16251892949777494,0,4.453068847118409,0.0,train
0.28768207245178085,0,4.353800377631488,0.0,train
0.16251892949777494,1,0.011901482846692278,1.0,train
0.28768207245178085,0,2.230433179522728,0.0,train
0.28768207245178085,0,4.830202492246117,0.0,train
0.16251892949777494,0,2.0963857021693073,0.0,train
0.28768207245178085,0,4.383491160464273,0.0,train
0.05129329438755048,0,2.1098356367079667,0.0,train
0.43078291609245417,0,2.268789039513265,0.0,train
0.16251892949777494,0,1.1579387415730846,0.0,train
0.05129329438755048,0,1.0753346018713537,0.0,train
0.16251892949777494,0,3.4036157964208456,0.0,train
0.05129329438755048,0,0.24687607299090675,0.0,train
0.43078291609245417,1,0.960584434824648,1.0,train
0.28768207245178085,0,4.322620475901206,0.0,train
0.5978370007556204,0,2.359974525414155,0.0,train
0.28768207245178085,5,0.22092519529652632,1.0,train
0.5978370007556204,0,2.2387101724711354,0.0,train
0.28768207245178085,1,0.1451930556149583,1.0,train
0.05129329438755048,0,3.7542781204502864,0.0,train
0.5978370007556204,0,3.3043633655665525,0.0,train
0.05129329438755048,0,5.433899060882928,0.0,train
0.16251892949777494,0,1.6982546871539814,0.0,train
0.28768207245178085,0,4.204575896817116,0.0,train
0.05129329438755048,0,3.9437211353819075,0.0,train
0.05129329438755048,0,4.961198893425822,0.0,train
0.05129329438755048,0,1.1839697882615572,0.0,train
0.5978370007556204,0,1.2261143426432186,0.0,train
0.28768207245178085,0,1.036767776676802,0.0,train
0.28768207245178085,0,5.771103168696268,0.0,train
0.43078291609245417,0,1.852131274951513,0.0,train
0.5978370007556204,0,2.986918634138105,0.0,train
0.05129329438755048,1,2.231423329245854,1.0,train
0.28768207245178085,1,0.8143391713287232,1.0,train
0.5978370007556204,0,5.049722501067996,0.0,train
0.43078291609245417,2,0.499380236493236,1.0,train
0.28768207245178085,0,4.508400812661876,0.0,train
0.05129329438755048,0,1.7446093308460036,0.0,train
0.43078291609245417,1,0.08777109512914728,1.0,train
0.28768207245178085,0,1.6442998193253016,0.0,train
0.5978370007556204,0,4.805666083421462,0.0,train
0.05129329438755048,0,4.060963008301046,0.0,train
0.43078291609245417,0,3.599607023269022,0.0,train
0.5978370007556204,2,0.2707862689883156,1.0,train
0.16251892949777494,1,0.5025424762477345,1.0,train
0.5978370007556204,0,3.338475405910248,0.0,train
0.05129329438755048,0,3.8238785047436608,0.0,train
0.16251892949777494,0,0.8334124932752285,0.0,train
0.28768207245178085,0,3.4424597362519576,0.0,train
0.43078291609245417,0,1.8555592951442355,0.0,train
0.16251892949777494,0,5.114821993958262,0.0,train
0.5978370007556204,0,4.848753671477051,0.0,train
0.43078291609245417,4,0.01484754485175384,1.0,train
0.43078291609245417,1,0.16999747034268173,1.0,train
0.05129329438755048,0,2.795066551331234,0.0,train
0.5978370007556204,1,0.7391446461884457,1.0,train
0.16251892949777494,3,0.16175748838223505,1.0,train
0.43078291609245417,0,1.8267753386335024,0.0,train
0.43078291609245417,0,2.2065373835700917,0.0,train
0.28768207245178085,2,0.40384015420368785,1.0,train
0.16251892949777494,0,2.759216978451358,0.0,train
0.28768207245178085,0,3.5974116479213896,0.0,train
0.16251892949777494,0,1.5161819221583979,0.0,train
0.05129329438755048,0,1.676216413642266,0.0,train
0.05129329438755048,0,2.3461969527207565,0.0,train
0.43078291609245417,1,1.423171431781211,1.0,train
0.16251892949777494,0,4.895402822248133,0.0,train
0.28768207245178085,0,1.624224138382643,0.0,train
0.43078291609245417,2,0.12880168263712283,1.0,train
0.5978370007556204,0,5.666292130129344,0.0,train
0.43078291609245417,1,2.7422987831452947,1.0,train
0.16251892949777494,0,3.8817503176483754,0.0,train
0.43078291609245417,2,0.22442375322996694,1.0,train
0.5978370007556204,0,2.3877650538259587,0.0,train
0.28768207245178085,0,1.7084889771164264,0.0,train
0.05129329438755048,0,4.83502417429652,0.0,train
0.16251892949777494,0,5.826772062297438,0.0,train
0.16251892949777494,0,4.477227925860956,0.0,train
0.5978370007556204,0,5.320781600847109,0.0,train
0.43078291609245417,0,1.8486837999812904,0.0,train
0.28768207245178085,1,2.3551293238502202,1.0,train
0.16251892949777494,0,4.14343497427056,0.0,train
0.5978370007556204,0,1.5768736822285987,0.0,train
0.05129329438755048,0,3.3384457017142246,0.0,train
0.43078291609245417,1,0.0020922621998086155,1.0,train
0.05129329438755048,0,3.172135225485842,0.0,train
0.16251892949777494,0,0.7907900927524198,0.0,train
0.5978370007556204,1,0.5499300039630342,1.0,train
0.5978370007556204,14,0.03416140694442929,1.0,train
0.28768207245178085,0,4.443368569632378,0.0,train
0.43078291609245417,0,1.072008915182644,0.0,train
0.5978370007556204,0,4.168260575223554,0.0,train
0.16251892949777494,0,3.529817243677032,0.0,train
0.43078291609245417,0,0.08451965583242038,0.0,train
0.5978370007556204,0,4.532185249560706,0.0,train
0.5978370007556204,0,4.655752381735731,0.0,train
0.43078291609245417,0,1.9271297038142285,0.0,train
0.43078291609245417,2,0.45250575210014843,1.0,train
0.43078291609245417,0,2.713959721640742,0.0,train
0.05129329438755048,0,5.974943807073482,0.0,train
0.28768207245178085,0,2.5268362759730336,0.0,train
0.28768207245178085,0,3.4480723679274883,0.0,train
0.28768207245178085,1,3.675943886478571,1.0,train
0.05129329438755048,0,3.1965297744010424,0.0,train
0.16251892949777494,0,5.520859259587933,0.0,train
0.16251892949777494,1,0.8659253508341859,1.0,train
0.05129329438755048,0,2.164833613209224,0.0,train
0.5978370007556204,0,0.5322109412559546,0.0,train
0.16251892949777494,0,4.440220018881764,0.0,train
0.5978370007556204,12,0.0118881829194959,1.0,train
0.05129329438755048,0,0.1285252900766527,0.0,train
0.16251892949777494,0,2.579097406324377,0.0,train
0.5978370007556204,0,5.507767679994678,0.0,train
0.43078291609245417,0,1.093200103401628,0.0,train
0.16251892949777494,0,0.2930464942676956,0.0,train
0.16251892949777494,0,5.6447875030414245,0.0,train
0.28768207245178085,1,0.6161815684843702,1.0,train
0.5978370007556204,2,0.18703207218832482,1.0,train
0.05129329438755048,0,1.5237279904137722,0.0,train
0.28768207245178085,0,3.790606149406532,0.0,train
0.43078291609245417,0,2.0136302002533055,0.0,train
0.5978370007556204,4,0.11622235548946777,1.0,train
0.5978370007556204,0,2.1418571489566163,0.0,train
0.5978370007556204,0,3.3198887161327564,0.0,train
0.28768207245178085,1,2.127479027605857,1.0,train
0.05129329438755048,0,4.79792224396243,0.0,train
0.28768207245178085,0,1.4859242614896502,0.0,train
0.43078291609245417,1,0.4169169274063315,1.0,train
0.28768207245178085,0,4.276993569094608,0.0,train
0.16251892949777494,0,3.2787098918223334,0.0,train
0.16251892949777494,1,0.7435090383348879,1.0,train
0.16251892949777494,0,3.653287460098589,0.0,train
0.5978370007556204,0,3.663217697721639,0.0,train
0.16251892949777494,1,0.14615378979348392,0.0,train
0.16251892949777494,0,3.2737159888845113,0.0,train
0.05129329438755048,0,1.3098483230955487,0.0,train
0.05129329438755048,0,5.044898287654996,0.0,train
0.43078291609245417,0,4.857527614685339,0.0,train
0.43078291609245417,0,5.169053488680828,0.0,train
0.5978370007556204,2,0.28824087987518043,1.0,train
0.05129329438755048,0,5.188985906379617,0.0,train
0.16251892949777494,1,0.39337048257347673,1.0,train
0.28768207245178085,0,5.299222824191793,0.0,train
0.5978370007556204,0,2.0514537048262804,0.0,train
0.16251892949777494,0,4.740489158109487,0.0,train
0.05129329438755048,1,0.2680318944062479,1.0,train
0.28768207245178085,0,5.827302594886756,0.0,train
0.16251892949777494,0,1.8000692202422017,0.0,train
0.16251892949777494,1,1.8065027334308192,1.0,train
0.43078291609245417,2,0.3656632010615226,0.0,train
0.43078291609245417,0,0.2705942289493348,0.0,train
0.43078291609245417,3,1.0874007913008663,1.0,train
0.5978370007556204,0,3.1804498503038356,0.0,train
0.28768207245178085,0,2.5234720009476352,0.0,train
0.05129329438755048,0,3.8996068019875096,0.0,train
0.28768207245178085,0,5.866922715095775,0.0,train
0.05129329438755048,0,3.247013137384351,0.0,train
0.16251892949777494,0,3.639618819948951,0.0,train
0.5978370007556204,2,0.48228928778772284,1.0,train
0.05129329438755048,0,4.027876902889391,0.0,train
0.05129329438755048,0,2.9507495410136046,0.0,train
0.05129329438755048,0,5.010444290387401,0.0,train
0.05129329438755048,0,4.136956355045449,0.0,train
0.16251892949777494,0,1.8102181765759369,0.0,train
0.16251892949777494,0,0.19373140853635706,0.0,train
0.28768207245178085,0,4.422422370975131,0.0,train
0.16251892949777494,0,2.894815342418588,0.0,train
0.28768207245178085,0,4.274799667757705,0.0,train
0.5978370007556204,2,0.6127536193320141,1.0,train
0.05129329438755048,0,5.7474426626045885,0.0,train
0.43078291609245417,1,0.478270857166727,1.0,train
0.5978370007556204,1,1.235903580633046,1.0,train
0.5978370007556204,0,4.675450276994575,0.0,train
0.05129329438755048,0,2.5449439011260946,0.0,train
0.28768207245178085,1,1.4418228288714203,0.0,train
0.43078291609245417,2,0.2986726246089503,1.0,train
0.28768207245178085,0,1.3131847686399747,0.0,train
0.16251892949777494,1,0.6167302913081782,1.0,train
0.16251892949777494,0,5.743639782084677,0.0,train
0.16251892949777494,0,2.7799574272782115,0.0,train
0.28768207245178085,1,0.9510400290524537,1.0,train
0.16251892949777494,1,4.812241500273608,0.0,train
0.28768207245178085,0,3.8391650308132212,0.0,train
0.5978370007556204,0,5.549238756142046,0.0,train
0.5978370007556204,0,2.016749436844126,0.0,train
0.05129329438755048,0,2.5507182133728206,0.0,train
0.5978370007556204,1,1.3729673571861623,1.0,train
0.05129329438755048,0,4.958573622008963,0.0,train
0.28768207245178085,0,2.336840880368209,0.0,train
0.28768207245178085,0,0.36000499303891464,0.0,train
0.05129329438755048,0,4.792182732212861,0.0,train
0.43078291609245417,0,0.1929186838828556,0.0,train
0.05129329438755048,0,5.201867734934544,0.0,train
0.16251892949777494,0,4.77122629532617,0.0,train
0.5978370007556204,0,3.92465020644491,0.0,train
0.28768207245178085,0,1.271772102395963,0.0,train
0.05129329438755048,0,2.3571007470375305,0.0,train
0.05129329438755048,0,0.39670275243995623,0.0,train
0.5978370007556204,2,0.345447304242797,1.0,train
0.5978370007556204,0,2.887393538719799,0.0,train
0.16251892949777494,1,0.725622132870077,1.0,train
0.5978370007556204,0,1.1633570479404374,0.0,train
0.05129329438755048,0,2.3396379361906416,0.0,train
0.28768207245178085,0,0.8731092973989125,0.0,train
0.16251892949777494,0,0.32909546611986906,0.0,train
0.05129329438755048,0,2.4924861647751886,0.0,train
0.43078291609245417,0,1.9187940185171535,0.0,train
0.16251892949777494,0,0.32082229710965393,0.0,train
0.28768207245178085,0,3.142517395147836,0.0,train
0.43078291609245417,0,2.617126103653335,0.0,train
0.16251892949777494,2,2.18557545871858,0.0,train
0.28768207245178085,0,5.545272503574338,0.0,train
0.16251892949777494,0,2.0973764181956627,0.0,train
0.28768207245178085,0,2.1126779738872994,0.0,train
0.43078291609245417,0,5.240972361210324,0.0,train
0.05129329438755048,0,2.7298371171467135,0.0,train
0.28768207245178085,0,3.5842827148730385,0.0,train
0.28768207245178085,0,2.6863373546656923,0.0,train
0.05129329438755048,0,2.131731540090745,0.0,train
0.28768207245178085,0,1.3597521826362116,0.0,train
0.5978370007556204,1,0.879716271888061,1.0,train
0.16251892949777494,0,5.872001466999999,0.0,train
0.28768207245178085,0,2.190080763014543,0.0,train
0.43078291609245417,0,5.199920590360103,0.0,train
0.05129329438755048,0,3.5341878977191197,0.0,train
0.43078291609245417,3,0.48172701407745605,1.0,train
0.43078291609245417,0,1.1071736409419397,0.0,train
0.05129329438755048,0,1.7613724959549317,0.0,train
0.43078291609245417,5,0.21354285800674602,1.0,train
0.28768207245178085,3,0.027684875537525796,1.0,train
0.16251892949777494,0,1.3920395858359718,0.0,train
0.28768207245178085,3,0.00836504938578897,0.0,train
0.43078291609245417,1,3.4337545457122998,1.0,train
0.5978370007556204,0,5.833283205025286,0.0,train
0.28768207245178085,0,0.06327427216986603,0.0,train
0.28768207245178085,0,4.060693807383739,0.0,train
0.05129329438755048,0,5.24939800032724,0.0,train
0.43078291609245417,0,2.778135495264113,0.0,train
0.5978370007556204,1,1.16398498798825,1.0,train
0.5978370007556204,5,0.8082119317578357,1.0,train
0.28768207245178085,0,4.725539893860964,0.0,train
0.05129329438755048,0,2.7455026015584,0.0,train
0.05129329438755048,0,3.4862829428965636,0.0,train
0.28768207245178085,1,1.57195661494979,1.0,train
0.28768207245178085,0,0.11634663749164442,0.0,train
0.16251892949777494,2,0.5930391748741137,1.0,train
0.43078291609245417,0,4.85525067493246,0.0,train
0.5978370007556204,2,0.0842748305823729,1.0,train
0.16251892949777494,0,5.130789236967397,0.0,train
0.05129329438755048,0,4.5881063600863605,0.0,train
0.05129329438755048,0,2.9788180283961845,0.0,train
0.43078291609245417,0,3.8263447552842136,0.0,train
0.16251892949777494,0,3.7678932929791027,0.0,train
0.28768207245178085,0,0.4689401172030798,0.0,train
0.43078291609245417,0,1.4275778698999562,0.0,train
0.43078291609245417,0,0.00995068775907626,0.0,train
0.16251892949777494,0,2.3865447007699125,0.0,train
0.43078291609245417,2,0.3381189455767315,0.0,train
0.5978370007556204,0,5.585345834396976,0.0,train
0.28768207245178085,1,1.5180448217411253,1.0,train
0.28768207245178085,0,5.186817687379318,0.0,train
0.28768207245178085,1,1.0674248660056307,1.0,train
0.43078291609245417,0,1.6605266141211106,0.0,train
0.16251892949777494,2,0.5857103717268691,1.0,train
0.5978370007556204,0,0.3602779559040117,0.0,train
0.43078291609245417,0,4.858735782659196,0.0,train
0.43078291609245417,0,2.590335977803526,0.0,train
0.28768207245178085,0,4.421241042602578,0.0,train
0.43078291609245417,5,0.05330694615679778,1.0,train
0.05129329438755048,0,3.1004761896450006,0.0,train
0.28768207245178085,0,0.8689345223634981,0.0,train
0.43078291609245417,1,2.2739101826774135,1.0,train
0.28768207245178085,0,5.40525661977363,0.0,train
0.28768207245178085,0,5.911594103780719,0.0,train
0.05129329438755048,0,4.805432284954044,0.0,train
0.16251892949777494,0,0.5755456642188408,0.0,train
0.5978370007556204,4,0.1423539640826995,1.0,train
0.16251892949777494,0,4.169113117534048,0.0,train
0.5978370007556204,3,0.2870058575366745,1.0,train
0.28768207245178085,1,2.16351683894067,1.0,train
0.05129329438755048,0,5.69852485546477,0.0,train
0.28768207245178085,0,3.8783920433834957,0.0,train
0.28768207245178085,0,3.319401063762786,0.0,train
0.05129329438755048,0,0.37267993237570196,0.0,train
0.28768207245178085,0,4.908994162741198,0.0,train
0.16251892949777494,0,3.8214734771225034,0.0,train
0.05129329438755048,0,2.8702621725015747,0.0,train
0.43078291609245417,0,5.186683798805065,0.0,train
0.5978370007556204,1,0.08539763838047731,0.0,train
0.43078291609245417,1,1.9232189908756585,1.0,train
0.05129329438755048,0,3.217511540659621,0.0,train
0.28768207245178085,0,1.503766723035908,0.0,train
0.05129329438755048,0,3.1309840330888496,0.0,train
0.16251892949777494,0,4.645342518313589,0.0,train
0.28768207245178085,0,5.405577369997842,0.0,train
0.5978370007556204,0,4.5753144622135515,0.0,train
0.28768207245178085,1,0.44871212719050974,1.0,train
0.05129329438755048,0,4.3278100424317,0.0,train
0.28768207245178085,0,3.0896113466807806,0.0,train
0.43078291609245417,0,4.083875868881606,0.0,train
0.28768207245178085,0,3.244362773226487,0.0,train
0.43078291609245417,0,5.131669433472461,0.0,train
0.28768207245178085,1,0.14022514045077572,0.0,train
0.43078291609245417,4,0.19656289300333354,1.0,train
0.43078291609245417,2,0.036350408109149704,1.0,train
0.05129329438755048,0,1.1186140419652246,0.0,train
0.5978370007556204,0,4.549771583675053,0.0,train
0.16251892949777494,1,0.10204733463729089,1.0,train
0.05129329438755048,0,2.935036438526616,0.0,train
0.5978370007556204,0,0.34869731187546193,0.0,train
0.28768207245178085,1,1.7497418517130565,1.0,train
0.28768207245178085,0,3.157742423819717,0.0,train
0.28768207245178085,0,5.556125266797855,0.0,train
0.16251892949777494,0,3.62078631470228,0.0,train
0.16251892949777494,0,0.4094417806847441,0.0,train
0.43078291609245417,0,5.197874020435912,0.0,train
0.43078291609245417,0,0.7633846911887665,0.0,train
0.43078291609245417,0,0.765621389720553,0.0,train
0.16251892949777494,0,2.443529032391888,0.0,train
0.5978370007556204,1,0.30204613553112825,1.0,train
0.43078291609245417,0,3.8911096620270653,0.0,train
0.28768207245178085,1,0.48293641867912684,1.0,train
0.28768207245178085,0,2.0789405478019187,0.0,train
0.05129329438755048,0,2.9345556436987605,0.0,train
0.5978370007556204,0,2.680863244050429,0.0,train
0.28768207245178085,1,3.2002697186784634,1.0,train
0.16251892949777494,1,2.0364246770441836,1.0,train
0.28768207245178085,1,0.24975168654867802,1.0,train
0.5978370007556204,0,5.57298957475902,0.0,train
0.5978370007556204,2,0.2671005891275753,1.0,train
0.43078291609245417,0,0.9145382201849661,0.0,train
0.5978370007556204,0,4.650801437851782,0.0,train
0.5978370007556204,2,0.19124004200834388,1.0,train
0.28768207245178085,0,0.6890047252124574,0.0,train
0.05129329438755048,0,3.572584062045075,0.0,train
0.28768207245178085,0,1.1784544689748107,0.0,train
0.5978370007556204,2,0.3769642797212894,1.0,train
0.43078291609245417,0,2.5299588042919137,0.0,train
0.5978370007556204,4,0.30670461291318024,1.0,train
0.28768207245178085,0,0.04469357430299592,0.0,train
0.43078291609245417,0,5.247879977186128,0.0,train
0.05129329438755048,0,3.504256999802015,0.0,train
0.16251892949777494,0,1.3656556125316106,0.0,train
0.05129329438755048,0,1.6366116091197525,0.0,train
0.5978370007556204,0,3.133577764130295,0.0,train
0.43078291609245417,0,1.079658361150498,0.0,train
0.5978370007556204,0,5.911620668255015,0.0,train
0.16251892949777494,0,2.694663957353356,0.0,train
0.05129329438755048,0,2.9708640220358133,0.0,train
0.28768207245178085,2,0.09128682954019712,1.0,train
0.5978370007556204,1,0.10178702865372373,1.0,train
0.05129329438755048,0,0.4062573451744449,0.0,train
0.05129329438755048,0,2.8070648883001943,0.0,train
0.5978370007556204,0,5.4563759256644255,0.0,train
0.28768207245178085,0,5.8850855127767385,0.0,train
0.05129329438755048,0,3.4356908193027236,0.0,train
0.5978370007556204,0,4.5220805036906135,0.0,train
0.43078291609245417,0,0.8019921492088717,0.0,train
0.05129329438755048,0,4.385916896450187,0.0,train
0.43078291609245417,0,3.409772157380755,0.0,train
0.28768207245178085,0,2.1807383289436233,0.0,train
0.28768207245178085,0,3.7683529629615933,0.0,train
0.16251892949777494,0,4.4841430326312715,0.0,train
0.43078291609245417,1,2.991987722379787,0.0,train
0.5978370007556204,5,0.512441571929059,1.0,train
0.5978370007556204,0,0.1745982784362905,0.0,train
0.5978370007556204,2,0.48085402828821083,1.0,train
0.5978370007556204,1,1.0406693119399089,1.0,train
0.05129329438755048,0,3.3270863797496544,0.0,train
0.16251892949777494,0,2.7541192458723276,0.0,train
0.28768207245178085,0,0.4441988503919463,0.0,train
0.43078291609245417,1,1.3011017149970068,1.0,train
0.05129329438755048,1,1.7162158632226059,1.0,train
0.43078291609245417,1,0.8966593317746812,0.0,train
0.43078291609245417,0,1.66693789627969,0.0,train
0.5978370007556204,12,0.0016361227345731736,1.0,train
0.05129329438755048,0,0.4905339787082603,0.0,train
0.43078291609245417,1,0.16195625268667938,1.0,train
0.16251892949777494,0,1.3555725552556361,0.0,train
0.5978370007556204,5,0.29792176863190495,1.0,train
0.28768207245178085,0,1.865324890494047,0.0,train
0.05129329438755048,0,5.102875577859319,0.0,train
0.16251892949777494,0,5.491568555347556,0.0,train
0.16251892949777494,0,4.04747266018743,0.0,train
0.05129329438755048,0,1.5036441127213873,0.0,train
0.5978370007556204,2,0.8020019649486806,1.0,train
0.28768207245178085,0,4.916375887604101,0.0,train
0.5978370007556204,7,0.136733125359353,1.0,train
0.5978370007556204,0,0.24292634977222605,0.0,train
0.28768207245178085,0,1.1168558987594768,0.0,train
0.05129329438755048,0,2.569091080228537,0.0,train
0.05129329438755048,0,2.625372981551651,0.0,train
0.28768207245178085,0,0.5347341840398185,0.0,train
0.43078291609245417,6,0.18298485368371956,1.0,train
0.43078291609245417,0,5.423587342840632,0.0,train
0.05129329438755048,0,1.6921995365719003,0.0,train
0.5978370007556204,1,0.3474763565837118,1.0,train
0.5978370007556204,8,0.20108033633536973,1.0,train
0.43078291609245417,0,4.314926134472548,0.0,train
0.28768207245178085,0,1.8855789067667674,0.0,train
0.43078291609245417,0,4.309523939159753,0.0,train
0.16251892949777494,0,1.5657522555440226,0.0,train
0.16251892949777494,2,0.08201703063848383,1.0,train
0.5978370007556204,3,1.1699442931469128,1.0,train
0.16251892949777494,0,4.026760846555279,0.0,train
0.5978370007556204,1,1.8422135034695835,0.0,train
0.28768207245178085,2,0.7295906191544458,1.0,train
0.16251892949777494,1,0.08592972772944256,1.0,train
0.05129329438755048,0,1.321855236125719,0.0,train
0.5978370007556204,8,0.06714378422438444,1.0,train
0.28768207245178085,0,1.1254196328242583,0.0,train
0.16251892949777494,0,2.8981745674461856,0.0,train
0.28768207245178085,0,5.383686129873679,0.0,train
0.16251892949777494,0,1.3960426100704821,0.0,train
0.16251892949777494,0,0.4077759712738902,0.0,train
0.5978370007556204,0,5.550866858133248,0.0,train
0.43078291609245417,0,5.6993871212377405,0.0,train
0.43078291609245417,1,0.06227845893483046,1.0,train
0.05129329438755048,0,3.671196964394587,0.0,train
0.43078291609245417,1,0.7399345449988541,1.0,train
0.5978370007556204,0,0.4759461058659,0.0,train
0.43078291609245417,0,3.1939614883185614,0.0,train
0.5978370007556204,0,3.5448412935062965,0.0,train
0.43078291609245417,1,1.1694575778389036,1.0,train
0.28768207245178085,0,2.3021264951416556,0.0,train
0.05129329438755048,0,3.9388214334261997,0.0,train
0.28768207245178085,1,2.2301846839422925,1.0,train
0.16251892949777494,0,2.779816506647456,0.0,train
0.43078291609245417,1,1.4921219982740181,1.0,train
0.28768207245178085,7,0.06180945836855378,1.0,train
0.05129329438755048,0,5.934162081046575,0.0,train
0.28768207245178085,0,0.8175873214466194,0.0,train
0.16251892949777494,0,1.5695124577938202,0.0,train
0.28768207245178085,0,4.526526744451699,0.0,train
0.28768207245178085,1,4.912876120458168,1.0,train
0.16251892949777494,0,5.999319808456087,0.0,train
0.16251892949777494,0,3.5452782322016754,0.0,train
0.43078291609245417,0,2.095817897933925,0.0,train
0.5978370007556204,1,0.30383850281042846,0.0,train
0.43078291609245417,0,5.770916682616256,0.0,train
0.05129329438755048,0,2.624890903294889,0.0,train
0.5978370007556204,0,5.563725432493395,0.0,train
0.28768207245178085,0,3.3184130348424388,0.0,train
0.43078291609245417,0,2.324932591779339,0.0,train
0.43078291609245417,2,0.20427120911485705,1.0,train
0.43078291609245417,2,1.100766160346392,0.0,train
0.43078291609245417,6,0.35678923121942197,1.0,train
0.43078291609245417,0,3.1536278662808592,0.0,train
0.5978370007556204,8,0.15263969123751714,1.0,train
0.05129329438755048,0,3.5586740407057063,0.0,train
0.28768207245178085,0,5.298331860324135,0.0,train
0.05129329438755048,0,2.174401886899961,0.0,train
0.5978370007556204,1,1.1217021296922092,1.0,train
0.28768207245178085,0,2.033986828209289,0.0,train
0.28768207245178085,0,1.9321471621066217,0.0,train
0.16251892949777494,1,0.9960160012346668,1.0,train
0.43078291609245417,0,5.204864001687735,0.0,train
0.16251892949777494,0,1.7776882889790464,0.0,train
0.05129329438755048,0,4.447957692654942,0.0,train
0.05129329438755048,0,1.0812276513977443,0.0,train
0.43078291609245417,1,1.0758813630163528,1.0,train
0.28768207245178085,1,2.8237684204380042,1.0,train
0.05129329438755048,0,3.529432147627859,0.0,train
0.05129329438755048,1,2.386874730808379,1.0,train
0.28768207245178085,0,2.5350613584019546,0.0,train
0.05129329438755048,0,4.900223188498202,0.0,train
0.05129329438755048,0,4.098230588016864,0.0,train
0.5978370007556204,0,3.680884010704305,0.0,train
0.43078291609245417,0,5.82853315260579,0.0,train
0.16251892949777494,0,0.7979079135892406,0.0,train
0.05129329438755048,0,2.1603250465293544,0.0,train
0.28768207245178085,0,4.206059394289616,0.0,train
0.05129329438755048,0,1.2173923395574628,0.0,train
0.28768207245178085,0,2.6786033426402254,0.0,train
0.43078291609245417,0,5.390630602952979,0.0,train
0.5978370007556204,0,5.774678812409018,0.0,train
0.28768207245178085,0,2.0206279182062428,0.0,train
0.16251892949777494,0,0.3825326208103528,0.0,train
0.43078291609245417,0,1.2068717355965606,0.0,train
0.05129329438755048,0,4.271182476090949,0.0,train
0.43078291609245417,0,5.374426063647184,0.0,train
0.43078291609245417,5,0.13049677303172172,1.0,train
0.05129329438755048,0,0.8874320630440873,0.0,train
0.16251892949777494,0,2.188674592303226,0.0,train
0.43078291609245417,0,4.393177360398095,0.0,train
0.5978370007556204,0,1.8825756385813355,0.0,train
0.16251892949777494,0,4.989704342696851,0.0,train
0.16251892949777494,1,1.0103162480202905,0.0,train
0.28768207245178085,1,0.5067189122414297,1.0,train
0.28768207245178085,0,4.256334206771713,0.0,train
0.43078291609245417,0,3.2211234326142533,0.0,train
0.5978370007556204,7,0.19418805059803299,1.0,train
0.28768207245178085,1,0.3998325363423955,1.0,train
0.43078291609245417,7,0.29648349375683614,1.0,train
0.16251892949777494,0,2.4757284272547766,0.0,train
0.5978370007556204,0,1.4292091774248765,0.0,train
0.16251892949777494,0,3.042241271451324,0.0,train
0.16251892949777494,0,3.4513381065237656,0.0,train
0.43078291609245417,0,3.18393114088977,0.0,train
0.28768207245178085,0,0.9307403345116747,0.0,train
0.16251892949777494,0,3.161043010063794,0.0,train
0.28768207245178085,0,0.7328432080786529,0.0,train
0.05129329438755048,0,3.1849494902505695,0.0,train
0.28768207245178085,0,0.7263366771474304,0.0,train
0.43078291609245417,0,5.908427761533973,0.0,train
0.5978370007556204,3,0.1923877058509595,1.0,train
0.5978370007556204,0,0.9239414429575286,0.0,train
0.5978370007556204,7,0.4932462922371379,0.0,train
0.28768207245178085,0,0.7278317651871231,0.0,train
0.16251892949777494,0,0.11059771996300527,0.0,train
0.43078291609245417,1,0.4426507478071239,1.0,train
0.28768207245178085,0,0.5948389265335596,0.0,train
0.05129329438755048,0,3.1337898092991585,0.0,train
0.5978370007556204,0,0.7236768032069558,0.0,train
0.43078291609245417,0,4.967740508371623,0.0,train
0.5978370007556204,0,4.539117783313515,0.0,train
0.28768207245178085,0,4.73588417512094,0.0,train
0.05129329438755048,0,5.382518779081596,0.0,train
0.28768207245178085,0,3.8493043437192487,0.0,train
0.43078291609245417,0,2.3138939924087483,0.0,train
0.05129329438755048,0,5.495772052732661,0.0,train
0.43078291609245417,1,2.292015750902655,1.0,train
0.43078291609245417,0,5.4843747449147,0.0,train
0.5978370007556204,3,1.2351520956252586,1.0,train
0.43078291609245417,3,0.16899832859636366,1.0,train
0.5978370007556204,0,3.7183449149868997,0.0,train
0.28768207245178085,0,5.801665364042386,0.0,train
0.05129329438755048,0,2.3844752083906107,0.0,train
0.16251892949777494,0,1.7293132093617072,0.0,train
0.28768207245178085,0,3.987940483305504,0.0,train
0.43078291609245417,1,0.7729662926010173,1.0,train
0.5978370007556204,4,0.07567001169716449,1.0,train
0.16251892949777494,0,4.799194409311374,0.0,train
0.5978370007556204,1,0.4616463278054265,1.0,train
0.28768207245178085,0,4.77151636659522,0.0,train
0.5978370007556204,1,0.6226751102573754,1.0,train
0.05129329438755048,0,1.321682612017282,0.0,train
0.28768207245178085,2,0.5962038911555141,1.0,train
0.28768207245178085,0,1.0364091383344063,0.0,train
0.16251892949777494,0,0.262563263887571,0.0,train
0.05129329438755048,0,0.29542518956676056,0.0,train
0.05129329438755048,0,1.1545703996145933,0.0,train
0.16251892949777494,0,1.81097774459345,0.0,train
0.5978370007556204,1,0.1392236431670729,1.0,train
0.5978370007556204,10,0.05529757381112013,1.0,train
0.43078291609245417,0,5.0586502757344345,0.0,train
0.43078291609245417,1,0.5053961759147035,1.0,train
0.5978370007556204,0,3.3719397400026274,0.0,train
0.16251892949777494,0,5.240620615776448,0.0,train
0.43078291609245417,1,0.3682257333978204,1.0,train
0.16251892949777494,0,3.8617904185115703,0.0,train
0.5978370007556204,0,4.611388848567487,0.0,train
0.28768207245178085,1,0.22536733810385906,1.0,train
0.5978370007556204,1,1.6974842328228237,0.0,train
0.05129329438755048,0,0.21123673594876435,0.0,train
0.05129329438755048,0,4.820572202713122,0.0,train
0.43078291609245417,0,0.3491012868056036,0.0,train
0.5978370007556204,3,0.07975196988400471,1.0,train
0.43078291609245417,2,0.4132371241754746,1.0,train
0.43078291609245417,2,0.6334239681125459,1.0,train
0.5978370007556204,0,2.10825113605829,0.0,train
0.28768207245178085,0,2.0214802091216324,0.0,train
0.16251892949777494,0,4.97985963410771,0.0,train
0.16251892949777494,0,1.6442193008635022,0.0,train
0.16251892949777494,0,5.03098652418091,0.0,train
0.05129329438755048,0,3.1569679572729985,0.0,train
0.16251892949777494,0,4.360885092065532,0.0,train
0.05129329438755048,0,3.1580913474732357,0.0,train
0.43078291609245417,0,4.38317656030639,0.0,train
0.28768207245178085,0,1.8227121584638588,0.0,train
0.05129329438755048,0,0.9960251545137229,0.0,train
0.05129329438755048,0,3.9603427743438218,0.0,val
0.5978370007556204,0,2.454565758708,0.0,val
0.43078291609245417,0,1.2024842906307,0.0,val
0.28768207245178085,0,2.3175390798190327,0.0,val
0.5978370007556204,0,5.656681307445661,0.0,val
0.05129329438755048,0,4.628970328238187,0.0,val
0.28768207245178085,0,3.1916443292113517,0.0,val
0.16251892949777494,0,0.05395200201712713,0.0,val
0.05129329438755048,0,2.8519162523399655,0.0,val
0.28768207245178085,0,3.9963943811743228,0.0,val
0.16251892949777494,0,5.316143365554468,0.0,val
0.05129329438755048,0,4.995981414527959,0.0,val
0.28768207245178085,0,1.305962618998027,0.0,val
0.43078291609245417,1,0.5267893664213793,1.0,val
0.16251892949777494,0,3.8548182124865926,0.0,val
0.16251892949777494,0,2.578832581457813,0.0,val
0.5978370007556204,0,1.9540142743124647,0.0,val
0.16251892949777494,0,0.6883811777580291,0.0,val
0.05129329438755048,0,3.026052705317052,0.0,val
0.5978370007556204,0,1.3862860121795912,0.0,val
0.16251892949777494,0,5.971864961719065,0.0,val
0.16251892949777494,0,2.286404565461889,0.0,val
0.43078291609245417,0,2.7960948329097572,0.0,val
0.43078291609245417,2,0.10264864720667884,1.0,val
0.43078291609245417,0,1.6403175635721492,0.0,val
0.5978370007556204,0,4.237244968990591,0.0,val
0.16251892949777494,0,5.124762587524898,0.0,val
0.16251892949777494,0,1.533185873495405,0.0,val
0.5978370007556204,0,3.2264185495670015,0.0,val
0.05129329438755048,0,3.153697898618952,0.0,val
0.5978370007556204,1,0.09556031956946023,1.0,val
0.43078291609245417,2,1.2473484059468871,1.0,val
0.05129329438755048,0,2.6056435438468557,0.0,val
0.43078291609245417,0,2.257951459828057,0.0,val
0.28768207245178085,0,5.121134127906991,0.0,val
0.5978370007556204,0,5.108345490519451,0.0,val
0.05129329438755048,0,3.8813061433843377,0.0,val
0.05129329438755048,0,1.5635162929678885,0.0,val
0.16251892949777494,0,2.604492879212227,0.0,val
0.05129329438755048,0,0.515854030241109,0.0,val
0.05129329438755048,0,4.1866569503541875,0.0,val
0.43078291609245417,2,0.2520402427989951,1.0,val
0.5978370007556204,0,4.256793618373196,0.0,val
0.16251892949777494,0,1.2043053902436234,0.0,val
0.43078291609245417,1,0.8214710237819968,1.0,val
0.43078291609245417,1,0.08416012287766415,1.0,val
0.5978370007556204,0,4.065652992132637,0.0,val
0.28768207245178085,0,0.168182141950469,0.0,val
0.28768207245178085,1,0.7078058571143003,1.0,val
0.28768207245178085,0,3.7670980863288834,0.0,val
0.16251892949777494,0,4.791228774594122,0.0,val
0.05129329438755048,0,5.92354569516886,0.0,val
0.05129329438755048,0,3.4727120319835825,0.0,val
0.16251892949777494,0,1.6176853605702353,0.0,val
0.5978370007556204,0,0.22230141673484627,0.0,val
0.43078291609245417,0,1.3705949143460403,0.0,val
0.5978370007556204,0,2.722799184291536,0.0,val
0.5978370007556204,0,3.9822843361911557,0.0,val
0.05129329438755048,0,1.750562094988951,0.0,val
0.05129329438755048,0,1.0124205452682757,0.0,val
0.5978370007556204,5,0.24871791861057466,1.0,val
0.05129329438755048,0,4.613121863177671,0.0,val
0.5978370007556204,2,0.38172883373647665,1.0,val
0.05129329438755048,0,3.8503012756711903,0.0,val
0.28768207245178085,0,5.389036818576253,0.0,val
0.05129329438755048,0,3.547618290787864,0.0,val
0.5978370007556204,7,0.21390377105669614,1.0,val
0.5978370007556204,0,5.087906312807743,0.0,val
0.16251892949777494,0,3.542596271808771,0.0,val
0.5978370007556204,1,2.5150338417039704,0.0,val
0.28768207245178085,0,5.227661336995897,0.0,val
0.16251892949777494,0,4.95991264745361,0.0,val
0.28768207245178085,0,0.6956897018659152,0.0,val
0.5978370007556204,1,0.5269230778694141,0.0,val
0.28768207245178085,1,0.9137078295289658,1.0,val
0.43078291609245417,2,1.2358704883160814,1.0,val
0.43078291609245417,0,2.818320497991084,0.0,val
0.43078291609245417,0,1.1219544075417869,0.0,val
0.28768207245178085,0,2.3959092681357994,0.0,val
0.16251892949777494,1,0.13220879293759447,1.0,val
0.28768207245178085,0,4.047663795926664,0.0,val
0.43078291609245417,0,2.8390767978365,0.0,val
0.43078291609245417,0,1.2606568100097988,0.0,val
0.5978370007556204,2,0.4927832393196463,1.0,val
0.43078291609245417,0,1.9261951447337766,0.0,val
0.43078291609245417,0,0.3467776674799006,0.0,val
0.5978370007556204,0,1.4672215974803504,0.0,val
0.5978370007556204,0,0.8764685779867034,0.0,val
0.28768207245178085,1,0.18279117582001167,1.0,val
0.05129329438755048,0,0.5056133726485381,0.0,val
0.16251892949777494,0,4.096691880853536,0.0,val
0.16251892949777494,0,0.4753133653264838,0.0,val
0.5978370007556204,0,2.0326676364996867,0.0,val
0.05129329438755048,0,4.637217493873686,0.0,val
0.5978370007556204,4,0.2563611952646676,1.0,val
0.16251892949777494,0,2.162570437983519,0.0,val
0.43078291609245417,0,1.1427229035383513,0.0,val
0.5978370007556204,0,1.694953151733874,0.0,val
0.16251892949777494,0,1.5441110310458352,0.0,val
0.5978370007556204,0,1.608890092592539,0.0,val
0.43078291609245417,0,4.966749548521978,0.0,val
0.43078291609245417,2,0.6611901648988989,0.0,val
0.43078291609245417,3,0.8948037780258616,1.0,val
0.43078291609245417,0,0.6763898355361961,0.0,val
0.43078291609245417,0,1.1687254193580223,0.0,val
0.5978370007556204,0,1.6527330485963487,0.0,val
0.43078291609245417,0,5.202138550138367,0.0,val
0.05129329438755048,0,0.8479789800427551,0.0,val
0.28768207245178085,0,4.005442034955301,0.0,val
0.5978370007556204,0,5.227031471223972,0.0,val
0.16251892949777494,0,4.532858270595396,0.0,val
0.05129329438755048,0,0.7483501549388896,0.0,val
0.28768207245178085,0,4.495112240364888,0.0,val
0.16251892949777494,1,2.227383814720241,1.0,val
0.28768207245178085,0,5.997210735565376,0.0,val
0.43078291609245417,0,1.563826911243955,0.0,val
0.05129329438755048,0,2.2787765234337414,0.0,val
0.43078291609245417,0,3.298145537709746,0.0,val
0.28768207245178085,5,0.7689784178254004,1.0,val
0.05129329438755048,1,0.16613313944949837,1.0,val
0.43078291609245417,1,0.6734255734582117,1.0,val
0.43078291609245417,0,3.143278253781829,0.0,val
0.05129329438755048,0,1.1504993432255417,0.0,val
0.16251892949777494,0,2.5372349100190545,0.0,val
0.5978370007556204,4,0.1769654281287809,1.0,val
0.16251892949777494,0,4.319852096374221,0.0,val
0.5978370007556204,0,5.045856035375915,0.0,val
0.05129329438755048,0,1.57556083602673,0.0,val
0.16251892949777494,0,0.8076754800991639,0.0,val
0.43078291609245417,0,5.984624712454191,0.0,val
0.28768207245178085,3,0.2178854461697251,1.0,val
0.43078291609245417,0,5.6808001368795065,0.0,val
0.5978370007556204,0,3.0498892476452366,0.0,val
0.43078291609245417,0,3.0849545881288822,0.0,val
0.05129329438755048,0,3.2271083330163886,0.0,val
0.43078291609245417,0,3.548218414311298,0.0,val
0.05129329438755048,0,2.9887301596571496,0.0,val
0.16251892949777494,0,4.872086395862708,0.0,val
0.16251892949777494,0,5.680113957814354,0.0,val
0.16251892949777494,0,4.950354598095695,0.0,val
0.16251892949777494,1,1.1085561606511325,1.0,val
0.16251892949777494,0,0.7468226385584016,0.0,val
0.43078291609245417,0,0.3898041027986452,0.0,val
0.28768207245178085,0,0.09770711520509567,0.0,val
0.28768207245178085,0,4.218665821006303,0.0,val
0.05129329438755048,0,3.6132370559192055,0.0,val
0.16251892949777494,0,4.207848136566934,0.0,val
0.43078291609245417,0,5.735493800157354,0.0,val
0.16251892949777494,0,0.2996765188764361,0.0,val
0.28768207245178085,0,1.5108706402147545,0.0,val
0.16251892949777494,0,5.706025770167191,0.0,val
0.43078291609245417,0,3.7209148426142935,0.0,val
0.5978370007556204,0,0.48449225102923554,0.0,val
0.16251892949777494,0,2.3033626576030435,0.0,val
0.28768207245178085,0,2.1472830599400803,0.0,val
0.5978370007556204,0,4.780060555759668,0.0,val
0.5978370007556204,9,0.013453684554192479,1.0,val
0.28768207245178085,0,1.7334133118349973,0.0,val
0.5978370007556204,0,0.38521814119716336,0.0,val
0.5978370007556204,0,5.647447430262311,0.0,val
0.43078291609245417,0,2.095556106366092,0.0,val
0.5978370007556204,1,0.20677102571858308,0.0,val
0.16251892949777494,0,1.146982854602663,0.0,val
0.43078291609245417,5,0.6668605254712613,1.0,val
0.5978370007556204,1,1.7274954574234407,0.0,val
0.05129329438755048,0,5.11916338134794,0.0,val
0.16251892949777494,1,1.4120364602804807,1.0,val
0.28768207245178085,0,3.3905041413167125,0.0,val
0.28768207245178085,0,3.5413784891771027,0.0,val
0.28768207245178085,0,3.241356150561936,0.0,val
0.16251892949777494,0,2.2242885061071673,0.0,val
0.43078291609245417,0,1.4322774430256378,0.0,val
0.43078291609245417,0,3.768352608960978,0.0,val
0.28768207245178085,0,1.2927013784204673,0.0,val
0.43078291609245417,1,0.07939452936342399,1.0,val
0.43078291609245417,0,5.994820676409155,0.0,val
0.5978370007556204,0,2.9667595718027604,0.0,val
0.16251892949777494,1,0.5649068671469757,1.0,val
0.16251892949777494,1,1.8767901731766066,1.0,val
0.05129329438755048,0,0.6207681547274133,0.0,val
0.16251892949777494,0,4.046692836064919,0.0,val
0.05129329438755048,0,1.3016333672717655,0.0,val
0.05129329438755048,0,5.045595325771739,0.0,val
0.5978370007556204,0,4.335678947800947,0.0,val
0.5978370007556204,8,0.11025005974101501,1.0,val
0.05129329438755048,0,2.2565875177136907,0.0,val
0.05129329438755048,0,4.134336926629237,0.0,val
0.28768207245178085,0,0.2686791025877031,0.0,val
0.05129329438755048,0,2.804699207165515,0.0,val
0.28768207245178085,0,4.022124129580472,0.0,val
0.05129329438755048,0,0.9137264022890756,0.0,val
0.16251892949777494,0,4.624114467880465,0.0,val
0.28768207245178085,4,0.10120237140205228,1.0,val
0.05129329438755048,0,2.118091935097585,0.0,val
0.28768207245178085,0,2.940549907800663,0.0,val
0.05129329438755048,0,3.8778120524044244,0.0,val
0.5978370007556204,0,1.7338683634319882,0.0,val
0.43078291609245417,2,0.39599788145052633,1.0,val
0.16251892949777494,0,0.5584779147941217,0.0,val
0.43078291609245417,0,3.3380021167799594,0.0,val
0.05129329438755048,0,3.2981125458570943,0.0,val
0.16251892949777494,0,0.4493741408597747,0.0,val
0.43078291609245417,6,0.4608736123278479,1.0,val
0.16251892949777494,0,0.7315777508169734,0.0,val
0.28768207245178085,0,2.6779016631864563,0.0,val
0.16251892949777494,0,4.572562654807658,0.0,val
0.16251892949777494,0,3.5978372151623628,0.0,val
0.43078291609245417,0,2.846052332428825,0.0,val
0.5978370007556204,0,1.2949628763649905,0.0,val
0.43078291609245417,0,5.676141652932746,0.0,val
0.16251892949777494,0,0.00433206304992062,0.0,val
0.05129329438755048,0,5.324328854132238,0.0,val
0.28768207245178085,0,5.775961679158396,0.0,val
0.05129329438755048,0,3.4238397552427737,0.0,val
0.5978370007556204,0,1.6733162265432113,0.0,test
0.05129329438755048,0,0.6913163279908638,0.0,test
0.05129329438755048,0,0.9541335957404771,0.0,test
0.16251892949777494,0,3.301418069608736,0.0,test
0.43078291609245417,0,0.28987969692849,0.0,test
0.28768207245178085,0,5.708925895738788,0.0,test
0.05129329438755048,0,2.697793574065814,0.0,test
0.5978370007556204,0,0.08009744636825045,0.0,test
0.28768207245178085,4,0.18871755287371111,1.0,test
0.28768207245178085,0,5.83321524307326,0.0,test
0.05129329438755048,0,0.0015973623030103301,0.0,test
0.16251892949777494,0,4.2862297762105,0.0,test
0.5978370007556204,1,0.46696830129767125,1.0,test
0.05129329438755048,0,5.2080851006775895,0.0,test
0.28768207245178085,0,1.8298260104229278,0.0,test
0.43078291609245417,1,0.19916258329335979,1.0,test
0.43078291609245417,0,1.0869177753912158,0.0,test
0.5978370007556204,0,4.90585765176513,0.0,test
0.5978370007556204,1,0.5602989635532081,1.0,test
0.28768207245178085,0,2.174995542755866,0.0,test
0.05129329438755048,0,5.305032746100307,0.0,test
0.16251892949777494,0,3.005664794573156,0.0,test
0.43078291609245417,0,1.4434830404787915,0.0,test
0.43078291609245417,0,1.1209655652214665,0.0,test
0.43078291609245417,2,0.428347092494622,0.0,test
0.28768207245178085,0,4.2086284154873415,0.0,test
0.05129329438755048,0,0.33646815836488564,0.0,test
0.43078291609245417,0,5.865070142457237,0.0,test
0.16251892949777494,0,4.53820561419594,0.0,test
0.43078291609245417,0,2.5555557313284925,0.0,test
0.5978370007556204,3,0.6008572396973623,1.0,test
0.43078291609245417,1,0.4567201195885698,1.0,test
0.43078291609245417,0,5.433503560745994,0.0,test
0.28768207245178085,0,4.776239692385781,0.0,test
0.16251892949777494,0,1.7308277155690437,0.0,test
0.5978370007556204,3,0.11225405958237372,1.0,test
0.43078291609245417,0,0.5203568630127378,0.0,test
0.05129329438755048,0,0.55069740835919,0.0,test
0.16251892949777494,0,4.686504047104975,0.0,test
0.16251892949777494,1,1.9531133492299944,1.0,test
0.5978370007556204,1,0.12025719244544164,0.0,test
0.28768207245178085,0,3.5094366737560065,0.0,test
0.16251892949777494,2,0.6500268043050896,1.0,test
0.16251892949777494,0,2.8032463136118313,0.0,test
0.43078291609245417,0,2.59606152717655,0.0,test
0.16251892949777494,0,5.507506845496387,0.0,test
0.16251892949777494,0,1.068550888669813,0.0,test
0.5978370007556204,1,0.39903002340063637,1.0,test
0.05129329438755048,0,5.542994189120248,0.0,test
0.5978370007556204,0,0.939862973913373,0.0,test
0.43078291609245417,0,2.9408304933500764,0.0,test
0.28768207245178085,0,3.7274560408127115,0.0,test
0.43078291609245417,0,4.466609481138756,0.0,test
0.05129329438755048,0,0.2668511682778507,0.0,test
0.5978370007556204,0,5.275056925483169,0.0,test
0.05129329438755048,0,3.4838662531975064,0.0,test
0.05129329438755048,0,0.9930450136988089,0.0,test
0.16251892949777494,0,1.231965419846686,0.0,test
0.16251892949777494,0,2.635692236067934,0.0,test
0.43078291609245417,2,0.2106615296597713,1.0,test
0.28768207245178085,0,5.8980655338116845,0.0,test
0.16251892949777494,0,2.9051603883798807,0.0,test
0.05129329438755048,0,1.8187258862423945,0.0,test
0.16251892949777494,0,1.0697913567460848,0.0,test
0.43078291609245417,0,2.4306795466079647,0.0,test
0.28768207245178085,2,0.16197389956491698,1.0,test
0.05129329438755048,0,5.402301837190382,0.0,test
0.5978370007556204,0,3.1429774730195748,0.0,test
0.43078291609245417,0,1.2719397098197662,0.0,test
0.43078291609245417,0,0.12403825711473515,0.0,test
0.5978370007556204,0,2.852708109356507,0.0,test
0.43078291609245417,0,1.6957458651872193,0.0,test
0.43078291609245417,2,0.7758421080873494,0.0,test
0.5978370007556204,1,1.1006728986045982,1.0,test
0.5978370007556204,0,0.9445708084235331,0.0,test
0.43078291609245417,4,0.16548809333362793,1.0,test
0.5978370007556204,0,3.786791210075294,0.0,test
0.05129329438755048,0,1.0887830761597415,0.0,test
0.05129329438755048,0,5.072912490680578,0.0,test
0.43078291609245417,0,4.424215573329789,0.0,test
0.28768207245178085,0,4.926044655741656,0.0,test
0.5978370007556204,10,0.04679535386706246,1.0,test
0.16251892949777494,0,5.282456803545383,0.0,test
0.5978370007556204,1,1.6466482958546418,1.0,test
0.05129329438755048,1,0.3483378914633663,1.0,test
0.43078291609245417,2,1.4916521112930732,1.0,test
0.5978370007556204,1,0.1828506550444581,1.0,test
0.28768207245178085,0,3.030603713932808,0.0,test
0.16251892949777494,1,0.8786220124811828,1.0,test
0.43078291609245417,3,0.04545434327435768,1.0,test
0.05129329438755048,0,0.4873221415685909,0.0,test
0.16251892949777494,0,0.07931693820116692,0.0,test
0.16251892949777494,0,5.652354916705274,0.0,test
0.05129329438755048,0,2.410483666781234,0.0,test
0.05129329438755048,0,1.3008692765384717,0.0,test
0.28768207245178085,0,5.569874479483028,0.0,test
0.5978370007556204,0,5.915921077811303,0.0,test
0.5978370007556204,10,0.03358124174276477,1.0,test
0.43078291609245417,1,0.18465563884345518,1.0,test
0.5978370007556204,4,0.05846053658635391,1.0,test
0.05129329438755048,0,1.4784926993298826,0.0,test
0.43078291609245417,0,5.906883336926838,0.0,test
0.43078291609245417,0,5.6808510066594415,0.0,test
0.28768207245178085,0,4.792246096720932,0.0,test
0.5978370007556204,3,0.98649125935557,1.0,test
0.43078291609245417,0,5.353899059897335,0.0,test
0.5978370007556204,5,0.26239160294186337,1.0,test
0.05129329438755048,0,1.9370736602537164,0.0,test
0.5978370007556204,2,0.3007459079735655,1.0,test
0.05129329438755048,0,3.5148506136605375,0.0,test
0.16251892949777494,0,0.9636675423757568,0.0,test
0.28768207245178085,1,1.0686146686421507,1.0,test
0.43078291609245417,1,0.06192586179320556,1.0,test
0.16251892949777494,0,3.4723521620652864,0.0,test
0.28768207245178085,1,1.8083915793985397,1.0,test
0.43078291609245417,0,5.001528806830036,0.0,test
0.5978370007556204,1,1.6208167253953714,1.0,test
0.16251892949777494,0,5.6825397646515015,0.0,test
0.43078291609245417,0,3.3993875869446577,0.0,test
0.16251892949777494,0,2.466590671682006,0.0,test
0.5978370007556204,1,1.5750269338274376,1.0,test
0.16251892949777494,0,1.0714404539337454,0.0,test
0.43078291609245417,0,0.8968547351854819,0.0,test
0.16251892949777494,0,0.5013098992919249,0.0,test
0.05129329438755048,0,2.4129601398409366,0.0,test
0.16251892949777494,0,2.804509459318008,0.0,test
0.16251892949777494,0,4.55474406077483,0.0,test
0.28768207245178085,3,1.0308292603923161,1.0,test
0.05129329438755048,0,4.240154629468735,0.0,test
0.28768207245178085,1,0.24499062677111594,0.0,test
0.16251892949777494,0,0.45345121085640616,0.0,test
0.16251892949777494,0,0.5772201395882335,0.0,test
0.16251892949777494,0,1.281579952987442,0.0,test
0.05129329438755048,0,4.705651905032417,0.0,test
0.43078291609245417,0,4.7125153518536065,0.0,test
0.16251892949777494,0,4.9744319611364345,0.0,test
0.16251892949777494,0,4.132749408322655,0.0,test
0.28768207245178085,0,2.424876583535257,0.0,test
0.5978370007556204,0,2.1989952671925743,0.0,test
0.16251892949777494,0,0.9824901575956295,0.0,test
0.05129329438755048,0,1.1063504572581497,0.0,test
0.16251892949777494,0,0.042849991139471966,0.0,test
0.16251892949777494,0,3.735267634867565,0.0,test
0.16251892949777494,1,0.5695335463227359,1.0,test
0.5978370007556204,0,0.017031027008948874,0.0,test
0.16251892949777494,0,2.897366508728534,0.0,test
0.43078291609245417,2,0.007306395737016694,1.0,test
0.16251892949777494,0,2.860667208370203,0.0,test
0.43078291609245417,0,4.65308505747813,0.0,test
0.43078291609245417,0,0.27641414289744337,0.0,test
0.28768207245178085,0,4.040427850837968,0.0,test
0.05129329438755048,0,2.3875056851170537,0.0,test
0.28768207245178085,1,0.5084412481518352,1.0,test
0.43078291609245417,0,2.1611848697855898,0.0,test
0.05129329438755048,0,0.6996242096525849,0.0,test
0.43078291609245417,0,0.4429197039894659,0.0,test
0.28768207245178085,0,3.5581853398934653,0.0,test
0.43078291609245417,0,1.133241183430347,0.0,test
0.28768207245178085,0,2.0644587177530225,0.0,test
0.28768207245178085,1,0.5108075239051384,1.0,test
0.5978370007556204,0,2.77594770337958,0.0,test
0.05129329438755048,0,0.5616851001603493,0.0,test
0.05129329438755048,0,1.8035995815678336,0.0,test
0.28768207245178085,3,0.7588820525347568,1.0,test
0.5978370007556204,0,5.639772364251759,0.0,test
0.5978370007556204,0,4.728264616578314,0.0,test
0.05129329438755048,0,4.459735155836941,0.0,test
0.28768207245178085,0,5.085395643997364,0.0,test
0.16251892949777494,0,4.293208045815967,0.0,test
0.16251892949777494,1,1.2887794209596608,0.0,test
0.05129329438755048,0,0.3545892243735951,0.0,test
0.28768207245178085,1,1.265658120641251,1.0,test
0.28768207245178085,0,5.360643405697172,0.0,test
0.05129329438755048,0,0.0159188396956651,0.0,test
0.28768207245178085,0,5.119779475338165,0.0,test
0.5978370007556204,0,1.609647429724583,0.0,test
0.16251892949777494,0,3.789477017294596,0.0,test
0.16251892949777494,0,4.284638902075772,0.0,test
0.16251892949777494,2,0.1534625859527947,1.0,test
0.05129329438755048,0,3.6823471671934165,0.0,test
0.16251892949777494,1,1.1273715365058004,1.0,test
0.5978370007556204,0,5.670433940094112,0.0,test
0.28768207245178085,0,2.1060992285165323,0.0,test
0.28768207245178085,0,3.327833964702892,0.0,test
0.5978370007556204,0,3.7412609300131017,0.0,test
0.05129329438755048,0,4.849964626922868,0.0,test
0.05129329438755048,0,3.5556394475134994,0.0,test
0.28768207245178085,0,4.5166223060662745,0.0,test
0.05129329438755048,0,1.6056349227346578,0.0,test
0.5978370007556204,1,1.5461626331222023,1.0,test
0.43078291609245417,1,3.1053934432230785,1.0,test
0.5978370007556204,1,4.350555523982459,0.0,test
0.5978370007556204,0,3.959845701371211,0.0,test
0.5978370007556204,1,1.2237368358592133,1.0,test
0.05129329438755048,0,4.795615610524491,0.0,test
0.05129329438755048,0,0.18161168355842272,0.0,test
0.43078291609245417,11,0.015554821823945707,1.0,test
0.16251892949777494,0,1.0126334872418346,0.0,test
0.5978370007556204,16,0.013588061396265371,1.0,test
0.43078291609245417,0,4.460528134252507,0.0,test
0.43078291609245417,1,0.11250177128158731,1.0,test
0.16251892949777494,0,0.4966017905509521,0.0,test
0.16251892949777494,0,5.535889506103063,0.0,test
0.28768207245178085,0,2.0824432005943354,0.0,test
0.05129329438755048,0,0.37618467994912863,0.0,test
0.16251892949777494,0,1.7491674418270862,0.0,test
0.5978370007556204,0,3.71579188428063,0.0,test
0.28768207245178085,0,5.890970809435281,0.0,test
0.16251892949777494,1,1.1181613028449018,0.0,test
0.05129329438755048,0,3.7688857134313385,0.0,test
0.16251892949777494,0,3.2846165216497347,0.0,test
0.16251892949777494,0,1.395556342731847,0.0,test
0.05129329438755048,0,5.468905244347592,0.0,test
0.16251892949777494,0,1.9780504540866446,0.0,test
