p_pred,theta_pred,m_pred,set
0.2739292779248741,0.9711375127405738,5.92184905647122,train
0.7321658660351561,0.48295457083171056,1.6675515274716304,train
0.15106650724602205,0.9986540990741303,104.71648177640893,train
0.8889016751095429,0.21364658923276125,0.030005539829794932,train
0.2449442796406362,0.9818378017695726,16.222149316183827,train
0.2173424485756514,0.9894595722572213,6.090484252586897e-05,train
0.25979510184462506,0.9767051003935238,29.057826979853118,train
0.39690845648867085,0.8951616007137095,0.06327112151018274,train
0.35841580096056447,0.9240953540526279,4.846658114858174,train
0.17267346460507102,0.9968904254954499,0.00023156096398374362,train
0.6450453046292913,0.6139550257448797,8.750741588301487e-06,train
0.22921408106824998,0.9864823610610451,6.133054306245167,train
0.23722589766740645,0.9842176420318622,8.80467496930606e-05,train
0.8047940240568541,0.3631876537328139,0.009714366798615356,train
0.164437451297886,0.9976824528228743,244.87209329612327,train
0.16139829901631234,0.9979359048533051,7.37417196676161,train
0.17470839660416487,0.9966699322535229,0.04457642245919485,train
0.24441513315995925,0.9820072068441736,56.631807219638,train
0.17171403855251563,0.9969908924040634,4.326770138442306,train
0.2272554010017676,0.9870044830100334,3.7125377225358935e-05,train
0.21238449842280646,0.9905717936351071,1.6959713867964044,train
0.7666742067511919,0.4271847046686048,0.09020483454216367,train
0.2082489328632261,0.9914416569734661,1.1077324320788489,train
0.2307385036753457,0.9860674577641374,0.09433942447686516,train
0.8923787033239021,0.20722928593011236,0.035368143471053534,train
0.46022472711319706,0.8381725171421333,2.6352978532026574,train
0.34600120345255947,0.932453828107622,0.3920270474943849,train
0.2723134158007214,0.9718078239730129,10.537495413658439,train
0.16755643287038552,0.9974009968241383,82.50888942089395,train
0.19068984090033061,0.9945690282526399,101.08667885217433,train
0.15662065575576115,0.9982946164630235,3.057744290922168,train
0.18685438503372823,0.9951351801354492,65.46915284887389,train
0.37301423472554796,0.9136526806173666,0.13984200635106855,train
0.1769121143687016,0.9964196186582992,0.00029703540244994145,train
0.19768272953705934,0.9934309128071015,0.0007178240804508717,train
0.19509801377548058,0.9938677729364013,17.405637677316243,train
0.31322871462649166,0.9521560646422652,4.40219291870853,train
0.4700817968296389,0.8283073729699585,0.00017743692519693415,train
0.4396462295181187,0.8579246483080853,3.2552874212126195,train
0.9110584764717133,0.17244615931673524,0.06496537153627058,train
0.24273834318981194,0.9825379353581726,25.094417100709297,train
0.5510148106239448,0.7379681094916011,2.74141250413519,train
0.1516103413078293,0.9986215061500333,1.868110452599496,train
0.7832949848271332,0.39958316977006236,0.01151500669372668,train
0.9174869842638452,0.16035723492378828,0.00019190526762726662,train
0.28096855392065795,0.9681155432465863,1.7016716727970191,train
0.19264976184093913,0.9942639967422157,0.30586499333667994,train
0.15065922724916164,0.9986781487953191,7.984623086631562,train
0.2429166907292542,0.9824819255609187,0.3158977325475795,train
0.17122146534129107,0.9970416129832921,9.131375508871887,train
0.12144673418179398,0.9997339621404893,20.15859044879024,train
0.12745672421052134,0.9996074002847625,175.15467498553784,train
0.19252069159362373,0.9942844155135196,6.127957703354809,train
0.2903410458409458,0.963835061716704,0.08317900943921341,train
0.16412342683153,0.997709579631826,1.4453310624013096,train
0.22982188554449187,0.9863178321307652,1.9403134274347185e-05,train
0.20146798504338456,0.9927562251187627,19.25914220659763,train
0.8656230189966925,0.2561402556047677,4.6860461054721753e-05,train
0.16043743267762117,0.9980118834075806,5.5723464110631875,train
0.13661224260044294,0.9993345968289512,20.37277443470751,train
0.4812228998090258,0.8168489492248677,4.41354130302585,train
0.2460885726307279,0.9814683010805388,13.789184183116433,train
0.4149557120338772,0.8800750431834458,0.009955121468520307,train
0.26792026296379895,0.973586106835327,0.0005997637826740846,train
0.18491713356619646,0.995405905685989,6.347424765190105,train
0.40558889903359613,0.8880236120222176,0.0250821118214015,train
0.1786791001560922,0.9962100967380341,27.804655962940668,train
0.15427570292004303,0.9984536825350367,0.0003585058385873914,train
0.1553722900252863,0.9983806520611714,50.28400797202004,train
0.4175948597456905,0.8777898305317722,2.1381834680808587,train
0.23209680617807962,0.9856914489350613,14.766521989984529,train
0.17497132615483574,0.9966407012011976,0.00010655124964305283,train
0.2104598624211439,0.9909831126617676,30.659498972066952,train
0.19728262051819354,0.993499794731077,2.53245853104595,train
0.8788114094012192,0.23216665504411949,0.02348228208974061,train
0.38949585339051473,0.901081095725067,1.801918407621339e-05,train
0.15308561314987942,0.998530292568171,29.169104992204076,train
0.20289607884575606,0.9924907614030298,10.436102616323435,train
0.31839050896035564,0.9492836764205054,0.5974487234550195,train
0.14220978991298236,0.9991111789343524,128.10197172387794,train
0.9110584764717133,0.17244615931673524,0.0002393924394860885,train
0.7611165736659321,0.43630799278245425,0.0009652471756624017,train
0.20009004144252834,0.9930066744982617,13.239124147162231,train
0.17292775013345535,0.9968634248929718,37.95478990462291,train
0.19268996260692384,0.9942576274570459,5.213038076238751e-06,train
0.19255077058510434,0.9942796612356922,28.30764148238358,train
0.2685929478798086,0.9733179979320118,0.14034078502616834,train
0.18865504256593613,0.9948744162740496,10.562784350098253,train
0.19904160643885285,0.9931935112600475,0.0018026950201006577,train
0.20877374636473883,0.9913341562599319,0.37043176634420116,train
0.5258224250298101,0.767813538685323,3.5674479199476203,train
0.19787584208311404,0.9933975014469371,133.24663267851784,train
0.2622501387601944,0.9757859298957438,4.319048619725502,train
0.16160236367412575,0.9979195149199884,245.17597115849273,train
0.24789046601701628,0.9808776911205537,4.758193587549896,train
0.17561417012612504,0.996568512337406,50.7552726539213,train
0.2307140654283477,0.9860741682409343,38.363239416447435,train
0.13778376196748193,0.9992916756481798,152.95220282086655,train
0.5497976940020164,0.7394444329280452,1.0102671172456046,train
0.29429183952760996,0.9619430031694286,6.680712206529731,train
0.19702830329506327,0.9935433373370198,4.205732335812688,train
0.21507168723299963,0.9899784357732389,11.257618366448334,train
0.25438974396759656,0.978658067032003,1.4891100184349984,train
0.2525842195117604,0.9792887470276019,1.7496029461315488,train
0.1355719001769457,0.9993710890287832,6.90197025098356,train
0.9133037121640436,0.16823080047165961,8.06630250757975e-06,train
0.31522244439227376,0.9510569453048111,0.0005175787563078355,train
0.4641998075967898,0.834225257243229,0.06633153026993266,train
0.1592269194735507,0.9981048223696192,3.8330076958725643,train
0.25913932202698275,0.9769472231974758,12.898540172004973,train
0.1918628348674838,0.9943877609814049,26.41547873655692,train
0.6338556272858787,0.629701869157989,2.0643271308229116e-05,train
0.31975461057256077,0.9485100503810624,18.992898923096938,train
0.18286673048822158,0.9956815024665869,5.1746160514794814,train
0.12811293358414802,0.9995912564694929,168.8179116146442,train
0.21009961209555678,0.9910588432217452,1.5872200106294583,train
0.12840591085019665,0.9995838908317541,3.4971690853465893,train
0.2167746925709905,0.9895908092907352,29.568048899343125,train
0.7499494183164134,0.45447678501640576,0.0008587939670668201,train
0.3240639476192004,0.9460262805426155,0.02270417747522032,train
0.16454564739355887,0.997673055649038,22.260987530709997,train
0.2226431482294757,0.9881854992312946,40.399987287018725,train
0.594127364978192,0.6834964032407622,2.9147229336572433,train
0.10516285055306192,0.9999257709907641,3199.775911038389,train
0.13231875620747813,0.9994757519188578,45.65372532017491,train
0.21454308872978795,0.9900969195370293,3.5422892419582304e-06,train
0.23612526099084954,0.9845411142569528,4.219078104660079,train
0.9327795319618919,0.13135884897688876,5.262883190086427e-05,train
0.49492926771869644,0.8023115767110424,1.698776914743591e-05,train
0.2849007770786182,0.9663553573897818,29.656535139410153,train
0.3845081499505647,0.9049719632596698,6.437553010973081,train
0.8360340990959307,0.3089469885945084,1.115847182458273,train
0.10186447668571297,0.9999454519984167,0.005777481712901519,train
0.5951033181731303,0.6822153711896599,0.007934027838313738,train
0.29784481314927586,0.960197157578021,2.8323215442968827e-05,train
0.1994314158236412,0.9931244195939197,15.803723823543315,train
0.1488316563474603,0.9987823337699464,31.969954897308014,train
0.38467542706424945,0.9048426805623127,0.06341616888398857,train
0.1358166799291318,0.9993626381950143,112.28737104596925,train
0.1691858243706924,0.9972451091516283,161.2866072057714,train
0.21364840237519767,0.990295489452284,8.868484432555046e-06,train
0.9010457618754648,0.1911547050514122,0.014750720659819553,train
0.1239224782438857,0.999686286211065,202.30912481353135,train
0.32076540496310346,0.9479328837172825,0.00040659474066122157,train
0.2766695725274017,0.9699807923804461,0.00026065080733341515,train
0.22280684362027725,0.9881447420417552,36.85907256423806,train
0.41282012449611766,0.8819095869620487,1.8453076535610864,train
0.21032903670258277,0.9910106601988172,58.57103231275259,train
0.26046793943711666,0.9764551890471057,0.0003364623815011976,train
0.2742882480076603,0.9709874151672427,19.571214733417158,train
0.1724387313217763,0.9969152109734813,245.69228894064125,train
0.30290286115867954,0.9576395495801248,23.003239332011713,train
0.15099170278335297,0.9986585392395944,3.028228025674267,train
0.20159390033853353,0.9927330610674099,1.453071066480524,train
0.8325161999406895,0.3151335869834989,0.022527139987481067,train
0.3698318786436865,0.9159850658783195,1.6143997027575172,train
0.8283006439260738,0.3225210430947528,0.019306675045089924,train
0.8593327904587597,0.2674805365330918,1.1199515284278666e-06,train
0.12473560304775455,0.9996693023630916,97.31505056357611,train
0.20519695477227917,0.9920503312548836,2.979399937750991,train
0.2543608254616506,0.9786682538064495,17.652506688534043,train
0.8676836389078861,0.252412032515933,1.9526407965329065e-06,train
0.9278458267480153,0.14075113072936107,1.1531103060214012e-05,train
0.4622524112064261,0.8361642940906778,5.992992751568901,train
0.32280118516129835,0.9467603527133952,3.209990308599226,train
0.2973770271802899,0.9604294115775678,13.421687038767894,train
0.16599349218057086,0.9975447864578438,40.05169726210482,train
0.1494749926967178,0.9987463490848579,134.4124675222128,train
0.4351017336634553,0.8621301166011719,6.9891476584476635,train
0.17886694374849782,0.9961873562189398,124.81681661745932,train
0.185473695928518,0.9953291622039269,165.93693266307383,train
0.5041422268789657,0.7922716566944279,3.1733905829893314,train
0.7887213135766499,0.39047006197445044,1.1593377020837172,train
0.42735498318139664,0.8691661552233985,1.5014811945595923e-05,train
0.22168783029695555,0.9884216627877296,9.207254757509425,train
0.876709323461351,0.23600554410971863,0.0006225682760086762,train
0.2168373006907165,0.9895763867514956,1.640083219289249,train
0.706635948871556,0.5228351104918021,0.005062682515136497,train
0.2324103597348812,0.9856038025774607,10.328915426092495,train
0.20714203456524585,0.9916656558574026,3.511292068641429,train
0.2604671587088995,0.9764554799072066,22.101814195432798,train
0.406544579160819,0.8872242821426453,0.11231353862596329,train
0.16311798547623801,0.9977949692095832,0.02344991050854613,train
0.1526085701440184,0.9985602382024588,1.7863549935129899,train
0.16553272187270532,0.9975861182671442,409.3748089493851,train
0.22230043398442823,0.9882705538229453,0.07955827950250507,train
0.13987101720528272,0.9992102528389963,8.74210004720068,train
0.15284923134445683,0.9985451852717349,2.440053471828625,train
0.1590514809129818,0.9981180373334892,43.68008186887984,train
0.22679768244894458,0.9871247221014929,46.10181378018763,train
0.4264912407058668,0.8699402124559594,8.369921718376958,train
0.1561566025631023,0.9983269617568207,4.16486212856705,train
0.8307007722919894,0.3183184806057713,1.0656391665155656,train
0.10890593877463994,0.9998970523982879,1.6619416876112265e-05,train
0.7705109531966235,0.42085520391783804,0.015349515918844524,train
0.16022528657493,0.9980283941311212,327.1211588993401,train
0.15724005991195844,0.9982507670215938,0.0001648209420269014,train
0.3710439421807069,0.9151003875963453,0.0017159397263823753,train
0.1235190704051205,0.9996944637888467,77.97865148192685,train
0.9227997954923536,0.1503210772393353,0.006699715915265854,train
0.5245227298831078,0.7693121674164815,3.6405564555578818,train
0.5375102871977353,0.7541541816906531,0.03199004346751101,train
0.18945878723177542,0.9947551543115545,27.39766654539505,train
0.12742797158251404,0.9996080965632628,0.11957128966795091,train
0.27076846868997123,0.9724405523638169,37.538803716915815,train
0.1524155226618209,0.9985722334764099,1.989738399977745e-05,train
0.5176978168092815,0.7771143582437833,0.00045452117357834825,train
0.5829879762168987,0.6979699244649349,1.2851394777284662,train
0.9367313374436134,0.12381071075229078,0.010230896190478803,train
0.2218901066410867,0.9883718992679593,0.0030052075800009346,train
0.8725485786732033,0.24358420956241555,0.06252239074029477,train
0.22518719893182446,0.9875424564004794,80.14455443411366,train
0.1632560628043696,0.9977833742843134,60.097224080430124,train
0.16881268828020396,0.9972813526607762,3.377662262247618,train
0.18685652233448027,0.995134875855353,20.83291829871624,train
0.1919173673302674,0.994379240369753,16.085683170122934,train
0.11060702001213246,0.9998814226903918,2.470228416650959,train
0.13017359048133553,0.9995373295397549,70.47855091815858,train
0.16756378233805916,0.9974003074759282,32.55216646595136,train
0.30516513847912907,0.9564682370320372,13.034082908362091,train
0.17012480278919528,0.9971524597417352,4.924631066187416,train
0.2241276636993506,0.9878127695171998,0.07190424259541993,train
0.17573760170476885,0.9965545339745095,142.14605820044204,train
0.17797876033170928,0.9962940874546881,216.656146962412,train
0.18596540280226206,0.9952606689982618,0.938093516619376,train
0.8310560322201662,0.31769564556782337,0.0933595609136017,train
0.14803862784471244,0.9988256742755138,17.227566113756833,train
0.9213272435175277,0.15310689265422983,0.0004515483100908329,train
0.2598335245436517,0.9766908697406967,0.20486944798987686,train
0.47111918508924455,0.8272541675617107,4.0369870371171675e-06,train
0.4267793556315889,0.8696822473252878,8.30745909125421,train
0.43770119298151094,0.8597315950954284,0.08583445844789234,train
0.5078583482101948,0.7881617444438564,0.012381929508675527,train
0.1879495641023478,0.9949776355284569,4.416888012995912,train
0.23336319892478521,0.9853355049820092,21.39475372218485,train
0.11593828311665434,0.9998202112375848,535.8844694339437,train
0.12327672239159608,0.999699298434041,260.1114252303294,train
0.28685222264181687,0.9654626675035076,4.9171797375691524e-05,train
0.37396352159309343,0.9129509394945788,4.533143341500956,train
0.09567229629165988,0.99997111085479,9.331278487188497,train
0.6672615998936944,0.5819415601092907,0.00012055931368470905,train
0.5025321811018497,0.7940416086131643,1.1919198619502707e-05,train
0.34081717446455484,0.9358001249352461,7.102075276622373,train
0.21990959775364327,0.9888535781914448,11.682214781555155,train
0.5082160438036022,0.7877643302992208,2.9126856086959947e-05,train
0.22838595166998457,0.9867046175731902,5.960572889900865,train
0.2873595814367134,0.9652284954410253,0.001588926408686543,train
0.14982380955304553,0.9987265260917875,263.6691706930498,train
0.9478361869675471,0.10248125193126978,0.017910000680494417,train
0.5122037725410185,0.7833123199212719,0.7455996209821312,train
0.47061477800303075,0.8277666194923579,0.9291292558237084,train
0.2679458198148023,0.9735759484039707,0.003563630895365785,train
0.4655245648670217,0.8329004176357994,0.44542580233105944,train
0.45009075840138035,0.8480435275610578,0.097337142961771,train
0.3980225392483955,0.8942578626988132,0.0026001916393007616,train
0.2472689428392499,0.9810826211892797,5.528683631208775,train
0.3672619419289526,0.9178459248301782,3.3305224187592293,train
0.17741115181821995,0.9963612459784456,0.0016665127341473943,train
0.15427114571239747,0.9984539811254526,142.31428933930948,train
0.47350078559902736,0.8248255454854848,3.889274404975886,train
0.5449684366631675,0.7452680735290484,0.15491755341881575,train
0.1299557144446253,0.9995432683390248,468.9367852732161,train
0.8938705448843706,0.20447036358847437,8.622300938060787e-06,train
0.1416548466330495,0.9991354568740565,3.5084704010960777,train
0.3249756612692708,0.9454930633908936,0.021496245494074563,train
0.16609709272908454,0.9975354272936937,0.2654946707588389,train
0.1380900598980352,0.9992801284713881,24.33435592340176,train
0.26851080282909295,0.9733508191896065,0.0032196710124137175,train
0.18348711803050782,0.9955992933133053,129.7092026750692,train
0.16077832978837261,0.9979851526480369,15.934725744797877,train
0.8913684449268849,0.20909571094790136,1.4885725299065401e-05,train
0.3773692626230507,0.9104107119313964,1.1167089017818248,train
0.17525203828789096,0.9966093044093354,112.32452545635391,train
0.13151171985562843,0.9994995885886998,16.173970291513715,train
0.2556222898510452,0.9782213074470933,0.6274118644440262,train
0.2521412415110374,0.9794418274753425,0.07569209106155797,train
0.242561245431199,0.9825934491454976,0.03755356208620753,train
0.3303614926027863,0.9422882470442463,9.889090056701734,train
0.14090346892208017,0.9991675600557242,0.2327507312561574,train
0.9220976994269016,0.15164971332138621,1.0974812305619914,train
0.21304949209770507,0.9904270319800743,0.17698329477151373,train
0.23720206265497507,0.9842246889003363,39.15871615691706,train
0.14579465341588532,0.9989423520144044,52.83235300169338,train
0.2278809408726237,0.9868390726515751,13.916256559864022,train
0.4343054993373831,0.8628610412205548,3.8936957045472043,train
0.48593880058937994,0.8119015290383101,2.843231962074665,train
0.12723272236368904,0.9996128003416372,456.47068659605054,train
0.36623826376045787,0.9185814966476094,0.14349663313807764,train
0.9374148445724729,0.12250292254956496,0.0031063988918857122,train
0.19784180537928875,0.9934033981360844,117.48997269809689,train
0.941255144322697,0.1151427481670636,0.016745762040381657,train
0.5592048962053164,0.7279444807347656,0.00017437967546631402,train
0.2083895234745353,0.9914129408437353,0.0003155308758812518,train
0.11268899052106938,0.9998598416334732,3678.9940486398004,train
0.18773651121276122,0.9950085398414282,13.534266251754374,train
0.15145010174982693,0.9986311668338492,15.730159228572543,train
0.25837893463482003,0.9772261735717596,1.173260613190476,train
0.38284668115835785,0.9062514853562771,4.224483294848468,train
0.18031606375085998,0.9960088807804961,26.01241794874619,train
0.16147808560901505,0.9979295072430624,0.8859592575743797,train
0.5374578520762524,0.7542161903120006,2.104426956561806,train
0.8357593143640113,0.3094309365745411,0.015485465070392876,train
0.3299606721316034,0.9425299813594543,0.00032474633768786633,train
0.14687813690962614,0.9988871023995042,2.1249501496984737,train
0.2221131934362819,0.9883168658883901,4.182354318013839,train
0.21677026009599662,0.9895918299016255,2.2598075427497104,train
0.9449103913854271,0.108117837137234,0.00015538751984223785,train
0.19590261731203598,0.9937338359812915,18.781894857825428,train
0.9242075468146257,0.1476549254922338,2.569485613462976e-05,train
0.22237989279662876,0.9882508669275446,19.39181657020865,train
0.5200354295530275,0.7744547960279355,3.5566944837816528,train
0.8422501131764378,0.2979673895110133,1.1796924572883764e-06,train
0.869478917850351,0.24915857232627148,1.2885880418191158,train
0.15203396287703128,0.9985957349014437,1.8351680230968077,train
0.23357589765147319,0.9852752120470809,36.364302627681965,train
0.21238449842280646,0.9905717936351071,1.544467890018151,train
0.25832603424868095,0.977245508537502,2.6590402713915315,train
0.1434257601527239,0.9990562679518883,0.00030898759280976345,train
0.19922723457667374,0.9931606648518061,1.9994154346040345,train
0.2508414527709526,0.9798872381104368,50.48919328941409,train
0.5253557132470641,0.7683521565620627,3.508100629467373,train
0.7420289190585369,0.4672300348112952,0.11120540040239177,train
0.19491043281750803,0.9938987326276554,28.871557619926126,train
0.16571994930538242,0.9975693814375276,15.79145222583976,train
0.92913034534954,0.13830915524060816,0.012444606117941737,train
0.49538346833240215,0.8018216261310664,0.1930870094370436,train
0.3401297703916788,0.9362374269005695,3.431412709027751,train
0.906147991335843,0.18163971845635662,0.00024765051468521825,train
0.42234420237296555,0.873627280485763,0.023155307097044216,train
0.931802968303357,0.13322069743813092,5.313946414870155e-07,train
0.13334541081240886,0.9994442282071151,10.930572251055494,train
0.23061738814341617,0.9861006958764538,0.00042923076382431495,train
0.46744750307370986,0.8309690709462683,0.033048831510011006,train
0.5625098725364093,0.7238558456750894,3.192080412815273,train
0.16306022342349205,0.9977998073473657,425.04702713412513,train
0.12187551737167274,0.9997261270432224,32.333323777786546,train
0.24324082385159748,0.9823798640916663,14.593508671325914,train
0.27186135337328826,0.9719937908287869,0.004567640082449003,train
0.29277856422975446,0.9626738550486934,24.819438006399363,train
0.3261343732123401,0.9448114997539798,10.73633762650691,train
0.8717600077592207,0.24501759249828392,0.0003331126053164363,train
0.40889574599402445,0.8852464666642375,0.0007377717119138831,train
0.25191458767338903,0.9795199005921262,0.4802320642635405,train
0.9264245997780383,0.14345023801316836,0.004881632264213214,train
0.24911762935122042,0.9804693155490284,1.6238940128495146e-05,train
0.7938606867306014,0.38179317890984565,0.018022260776963693,train
0.8401642135833238,0.30165862449681735,0.008286273118487859,train
0.16281211549589725,0.9978205059027163,13.217208414149791,train
0.2448531693927592,0.9818670362978767,6.884738560412174,train
0.32052327060872254,0.948071446310748,1.5765381822140971,train
0.23792051085441876,0.9840114635105175,0.024898623278646614,train
0.18646077304906025,0.9951910061925735,48.038985986105935,train
0.1839726539639723,0.9955342424536135,156.434895277541,train
0.5941816868304541,0.6834251552076989,0.06309383151584341,train
0.5086115128937815,0.7873245783189281,2.8749628305930996,train
0.2036278350617607,0.9923523984467689,0.04425046582853724,train
0.5066030843036715,0.7895538754722748,0.4088638204101765,train
0.1590753516292862,0.9981162430304458,0.0007872776604655382,train
0.6975402608194553,0.5367516828837455,0.07640218921282141,train
0.2739292779248741,0.9711375127405738,18.349748709739735,train
0.19297225225994757,0.9942127742411783,14.208218940666523,train
0.8424939712357244,0.29753540612642426,0.0011343537237782466,train
0.31092821214580263,0.9534081068808969,1.4152201815807368,train
0.547061704789358,0.7427504849613802,0.19776788906845386,train
0.44280408227005486,0.8549687267633131,4.069871727493833,train
0.5274413698182676,0.7659410843734393,1.2802861992588714e-05,train
0.20350520482234316,0.992375696678191,1.102295071009698,train
0.4676304896627818,0.8307847736500544,0.06141239683387692,train
0.387822075372338,0.9023950993784512,5.298872032677829,train
0.807763390221247,0.35810043329465,5.968736417230757e-05,train
0.18026470892577642,0.9960152981966189,91.12775763072146,train
0.17146408062313498,0.9970167033294481,46.470677064076725,train
0.2890196118487518,0.9644563091444186,1.711976062889972,train
0.1597050410024209,0.9980684815611619,12.10837412278234,train
0.572292596698089,0.7116075696810069,0.0026499387461389103,train
0.8303056683142934,0.31901093218272514,0.03658570401346101,train
0.13989892853535907,0.9992091200343672,10.749052780695092,train
0.12857628656199485,0.9995795621804187,2019.6142912053654,train
0.6310376642482306,0.6336269645426074,4.224531094322102e-05,train
0.20714203456524585,0.9916656558574026,5.0508465261769e-05,train
0.9312150169116628,0.13434098693634744,0.041427687359783374,train
0.2243521232944781,0.98775580293698,16.138955418731726,train
0.8970675864605165,0.19854678352479815,0.01915762713102735,train
0.24771965827655415,0.9809341375270394,4.775249678315544,train
0.2996093182453773,0.9593145570172126,0.0512483648853129,train
0.1780965846577287,0.9962800442802346,1.426014942052393,train
0.47768548736045263,0.8205222267064871,1.2077802488030787,train
0.8472806788567961,0.28903699422022266,0.06988257436539112,train
0.6469006847835547,0.6113193483131276,2.930654765255482,train
0.9269141693995828,0.14252080521375343,0.014074716585409625,train
0.12175320826719933,0.9997283795905603,3.221690714858136e-05,train
0.8615624393678711,0.2634678235472093,1.1741385920650447,train
0.9342544821592195,0.12854422839201662,0.0008863490560766588,train
0.21990959775364327,0.9888535781914448,21.30683754005579,train
0.236138527855302,0.984537238702342,0.00012319769424257832,train
0.7450423911871992,0.4623909951671388,0.0030548093017125034,train
0.2676745705468873,0.9736836541733538,30.678867641983402,train
0.47030964267987047,0.8280762961252155,2.7660308576160978e-05,train
0.2697814802487062,0.9728405922662174,0.08356305715362197,train
0.3475358262057656,0.9314468801226838,0.08194947079599453,train
0.24266890882310724,0.9825597128307568,4.719310346954831,train
0.14668896460792913,0.9988968939134436,141.11592203417604,train
0.2221131934362819,0.9883168658883901,35.02036736972844,train
0.5147267292053782,0.7804753281763188,0.0325323303629182,train
0.07942402348090917,0.9999965961592127,6.8399765786701225,train
0.9164106472189056,0.16238550104143679,0.015388217018803082,train
0.14934449156918406,0.9987537087936584,235.22446369052494,train
0.3866638992058905,0.9032994240359975,0.00016549563290760183,train
0.6777548890259546,0.5664812535925696,0.021759909141463973,train
0.7643034090979236,0.43108310698338104,0.012256122570241888,train
0.8755536117305559,0.23811327934298043,0.04341545534637556,train
0.9001962985302131,0.19273511047989067,0.05045123225335197,train
0.33462037512471665,0.9396877731126975,3.033591638558197,train
0.20810187025495264,0.9914716309540289,32.86753020188548,train
0.11084654770364012,0.9998790810310878,167.18404096252198,train
0.1862954945475462,0.9952143226371061,40.68183144333681,train
0.4537615151823659,0.844500058323014,0.0002337137937196717,train
0.807008996462572,0.3593942628376475,2.4206200462566755e-05,train
0.44529709425181463,0.8526157451229532,2.544368634080759,train
0.1544641378610109,0.9984413007594365,6.917464925988067,train
0.15342108251298486,0.9985089735419627,1.8745502396154758,train
0.36945531098110673,0.9162590028869213,8.209387767124543,train
0.19164491552133917,0.9944217274495781,21.338120960970677,train
0.13922339963810892,0.9992362076017548,11.110069674848164,train
0.27228857758540337,0.971818059518818,12.991524351569087,train
0.4859683486058032,0.8118703496555387,2.757911229981367,train
0.27449574854737707,0.9709004556183299,0.35316788311749137,train
0.16838479682487933,0.9973225152338294,20.220802686722916,train
0.39315685901042396,0.8981779019184323,1.8030841151117612e-05,train
0.42309284974075173,0.8729652733797479,0.00015892511054890827,train
0.2311619217476797,0.9859508856482505,59.23763005851359,train
0.22365221100173843,0.9879329074318297,6.513508627158402,train
0.4601135739777582,0.8382822855125237,0.9292076983149474,train
0.1977846586136611,0.9934132909911927,1.0711450361470452e-05,train
0.15474727546766331,0.9984225658360736,4.399968601497903,train
0.26725417984408517,0.9738500940228623,9.2686221016802,train
0.21618144624851612,0.9897268643109126,7.990541499691246,train
0.2830140488180223,0.9672063592223211,2.7707904567984875e-05,train
0.14917434810576205,0.9987632580654996,0.5632467894071822,train
0.23320260154594782,0.9853809317102376,18.361024231574262,train
0.12909879636257598,0.9995660774242062,1072.215371049585,train
0.40071971527894223,0.8920547940518568,4.637852019760211,train
0.2685427410335139,0.9733380608816816,2.9522546084557764,train
0.18373474977749502,0.9955661944437801,0.14489919111192437,train
0.11919566281102752,0.999772339946921,1214.3270521584734,train
0.4163707353375845,0.8788522706961872,0.022833131100252216,train
0.20427961390133065,0.992227817713535,3.893939077951993e-05,train
0.16712240704758624,0.9974414865388839,190.45859957509523,train
0.19645256258700122,0.993641224060857,69.22436294470702,train
0.955567687300316,0.08752856471312476,0.001103821931441614,train
0.8896370404729216,0.21229088596113554,3.249654000601145e-05,train
0.16372797918632553,0.9977434296096872,312.003706476622,train
0.1620030257857411,0.9978870743044378,0.003667025630138135,train
0.8568746775565869,0.2718954927101601,1.149665972377882e-05,train
0.9081084552275045,0.1779735199296243,6.185997201221947e-07,train
0.17605038724188454,0.996518941669535,276.4160928223288,train
0.2454095784448609,0.9816880745256741,14.55062795451533,train
0.32364356294247615,0.9462712345824247,14.542900583464995,train
0.8659608334770048,0.2555295042533916,0.00013907954818547164,train
0.14367271252370717,0.9990448246929855,674.5129696937569,train
0.9379648066770896,0.12145017037175065,5.125831715533808e-07,train
0.41467931710462097,0.8803132149422228,0.006106115582783733,train
0.14487444320448953,0.9989877111587986,175.9645236928349,train
0.15971463992090323,0.9980677470711303,11.097913771549708,train
0.15180063296835447,0.9986099712915311,42.37460277893908,train
0.36629918009515977,0.9185378151386906,0.004615290039864331,train
0.2652325618846558,0.974642237266171,23.180878275536127,train
0.24243294608781,0.9826336019602054,2.050393200468616,train
0.24619534591902278,0.9814336027686689,4.710687468557775,train
0.1406303239545208,0.9991790135849627,16.134862451576318,train
0.2792355425496098,0.9688748962314531,12.57112796371522,train
0.20370617710988836,0.9923374910243787,0.024873863822509192,train
0.17482193678418695,0.9966573304389109,256.64439965650087,train
0.3604045546418145,0.9227115319798468,0.019452056891117495,train
0.16248297311679127,0.9978477577446151,8.353734728324374e-06,train
0.8248233834569663,0.32859322508824695,0.017581428868391636,train
0.24247502861664413,0.9826204376939941,0.09552486734717859,train
0.1572206146681799,0.9982521554154805,5.268860215748,train
0.6139810191254306,0.6570317210470011,0.08769925193880915,train
0.20048859394536012,0.9929348077223844,4.170855865995062,train
0.15592052503088144,0.9983432513044881,5.537155871716933,train
0.3036475187098076,0.9572558636128637,3.1979240825836563,train
0.2573409047373736,0.9776038674034917,18.736148171519552,train
0.2568227991231942,0.9777910406114088,47.18870900696434,train
0.49048663761513533,0.8070762413628328,0.01460794093380557,train
0.7420289190585369,0.4672300348112952,1.0350820995121457,train
0.7250909181591444,0.4941259864052291,0.06920721241611985,train
0.16919455457919316,0.9972442572717195,21.308370382268624,train
0.13219878559972206,0.9994793474351531,10.520730774792819,train
0.18913697125582046,0.9948031197512105,3.7470699638044613,train
0.15552024625481375,0.9983706172044869,3.1037895981513555,train
0.15408989548919927,0.9984658239774233,0.12011115370393527,train
0.31321886745938865,0.9521614609407973,0.0445600158446845,train
0.3487953697950037,0.9306148645776102,1.0128275706971422e-05,train
0.7845869671991544,0.39741789520917037,0.018708221412081442,train
0.1244327374908845,0.9996757073269553,846.5511368178202,train
0.2238724377585461,0.987877349657988,7.928737774971053,train
0.38098249722949196,0.9076772190513234,0.04442435489133949,train
0.17475525668817715,0.996664735114548,33.37550952671229,train
0.1889452265289972,0.9948315629587914,9.932622059150306,train
0.14883796889641523,0.9987819842875568,1.903423261108157,train
0.16881558204454086,0.997281072833693,5.881634150454072,train
0.15769038985248132,0.9982183982146895,100.59436974115373,train
0.5867831162348672,0.6930695495528674,0.00028853251672554477,train
0.22153623530163444,0.9884588729823388,17.342664663932705,train
0.32660208829017173,0.9445351538701642,1.9658806101504,train
0.16518193642697412,0.9976172638396757,32.39892700481853,train
0.7105215583255586,0.5168428653405441,0.01835839746940265,train
0.29351729062752496,0.9623180307351024,2.1216948970442386,train
0.29237099810419637,0.9628693915874779,20.15298146569789,train
0.21336649082472092,0.9903575453687238,38.566138436952926,train
0.12509183887934336,0.9996616473261951,78.41707733857756,train
0.3517871606233063,0.9286185282905416,0.29705243395677094,train
0.14297391259786807,0.9990769497483384,1.7599971325212014,train
0.8285121238778183,0.32215111832016663,0.0002666450835256295,train
0.1734621615779568,0.996806167782542,25.940128948898067,train
0.3197380937687628,0.9485194538826007,9.490720017455029,train
0.2485736400750884,0.9806509593285886,5.630193654241826,train
0.16777895973768517,0.9973800696438428,6.9492771694585525,train
0.26991516123505316,0.972786600247926,0.0068536018497535175,train
0.46898909870636496,0.8294136631977465,0.023597468860263128,train
0.1760566297770108,0.9965182288379938,287.6311971851479,train
0.2734777675680916,0.9713256926831986,21.21303650074852,train
0.27031839447957273,0.9726233776061506,10.29818861720708,train
0.24014385495286555,0.9833409121695186,0.0669855392886603,train
0.7384292662143608,0.4729891331228202,0.00728546566624634,train
0.25812968391420965,0.9773171925738043,19.269863939260752,train
0.2711057974390049,0.9723030815139216,0.03847218971409584,train
0.8762739774994462,0.23679974686414795,0.0339913334729172,train
0.20114161606662168,0.9928160484787707,29.297582223543195,train
0.20246013049119568,0.9925724374628049,85.83632016604052,train
0.20822739138307772,0.9914460516058692,61.44115311285235,train
0.2181029218683969,0.9892822103166384,2.588498856329756,train
0.8731189670475532,0.24254682489163748,7.206046912885944e-06,train
0.09664522518121571,0.9999679043665989,224.28679330447122,train
0.15449923437887683,0.9984389869688641,611.0869767823721,train
0.2626741376519613,0.9756251469976667,25.62669241670418,train
0.6824499503797231,0.5594944178411797,0.0016128241931928544,train
0.17624042154892594,0.9964971981205034,28.740543539101377,train
0.16868349607470517,0.9972938256682938,41.834113311388656,train
0.31635018767884904,0.9504294714226462,11.110685810262813,train
0.2142181960144923,0.9901693137206455,0.26147365469475636,train
0.14120076292855868,0.9991549629277702,14.205079595361859,train
0.39928876362999927,0.8932262678092533,4.335587704986905,train
0.2223109448813047,0.9882679507671046,3.620685861572678,train
0.46867316002650966,0.8297329444064006,2.314581650723444,train
0.9299647673604288,0.13672158202889517,0.020518845618422318,train
0.9473546076659052,0.10340984977274159,0.017065176839372306,train
0.28415466888967594,0.9666933071505759,5.333044563776153,train
0.5208166318746726,0.7735630280464527,2.060651673877297,train
0.13185228050167755,0.9994896298106125,0.18413392251560898,train
0.19657820477112029,0.9936199438463911,148.17477666943253,train
0.16053651406622385,0.9980041395542332,14.3855465052213,train
0.20678562407507556,0.9917369939564329,1.9011516456384752,train
0.13756606686249498,0.9992998000266664,11.615357943086215,train
0.43555611021405044,0.8617122181746595,0.060886702360994395,train
0.45702629925374816,0.8413178562004987,0.1911272003572475,train
0.15942612475124324,0.9980897393675056,31.4175479872548,train
0.09695675450111177,0.9999668190406664,0.0010112420708671016,train
0.4754200092381137,0.8228576036537937,1.2801270380128504,train
0.5205637533462185,0.7738518599901687,4.931096031321561,train
0.2504445226041673,0.980022140895941,5.8948841881852875e-06,train
0.11775599459068424,0.9997945673077696,7.654671214695733,train
0.8885292581796225,0.21433285976552563,0.09165059645803765,train
0.541163155958307,0.7498183369437719,0.1846781038450363,train
0.3196266495765806,0.948582879093345,18.135936334995282,train
0.802501833342589,0.36710476330136455,0.0007408700288913297,train
0.42037751399496776,0.8753587778678794,3.256938237054411,train
0.4891377197338325,0.8085129795592108,1.2669723551225913,train
0.22573104799982963,0.98740231714356,2.340390687887492,train
0.15619603473607138,0.9983242300501908,8.049985087951768,train
0.8501173866435717,0.2839836564111934,0.07107383716935424,train
0.1745089997102469,0.996691986317523,5.785934947669992,train
0.21714500507879597,0.9895053255357453,5.152710688051395,train
0.16683077230713883,0.9974684503439851,378.9137634894577,train
0.41946943310276985,0.8761545475819856,3.4900286173855073,train
0.21829602994730424,0.9892368843935102,1.1230899580272613,train
0.7114141779451141,0.5154623338248616,0.00023881542117403068,train
0.18847749346443113,0.9949005220700117,0.8856463952984599,train
0.1473445151553426,0.9988626980991884,877.4552327158896,train
0.27004212810447253,0.972735264647199,35.37884884742839,train
0.255701257687823,0.9781931524797663,8.719250955988157,train
0.15625914308966934,0.9983198516751473,0.0022799846697084034,train
0.27747675773359143,0.9696352800418649,15.624469628617259,train
0.12166203309195228,0.9997300495838417,0.000569417159647648,train
0.3545944781920135,0.9267196964696132,14.023230460728522,train
0.20079004577897178,0.9928801409261767,6.129565096528726,train
0.20363216532971448,0.9923515749323052,78.13389742699194,train
0.11935664413806095,0.9997697448482833,16.413379024797468,train
0.19182161986562765,0.9943941952363298,3.7215381296939705,train
0.20822520981016057,0.991446496585618,29.982560043036422,train
0.25680396020479535,0.9777978296023377,2.7687783056951374,train
0.6811481833883274,0.5614358786975802,0.0024227025929216056,train
0.9409196627016382,0.11578655345170474,1.0788525112681777,train
0.8652075671465262,0.25689113071125136,0.0006769383267570256,train
0.09869913835334347,0.9999601901968043,3.2006547694018117,train
0.2827285294229756,0.9673341063658751,4.6922052460371075,train
0.5913191591099496,0.6871708366296663,0.0046258993785371445,train
0.2446087861662102,0.9819453163438618,18.994826466788748,train
0.45952629195718286,0.8388617017139159,2.8631532402561626,train
0.1640272555148449,0.9977178436187393,122.13544104886932,train
0.2215850863582601,0.9884468900372778,88.72377428959462,train
0.16990509580691565,0.9971743242836124,326.8532045287761,train
0.381402541608542,0.9073568830935075,1.0557159064464046,train
0.20552451258256654,0.9919863459391912,17.809702295122367,train
0.23069246395014276,0.9860800981669074,10.743412632450134,train
0.2001707044765635,0.992992166913934,0.0008766117172790127,train
0.47942206988399133,0.8187230080508605,0.5736844672069956,train
0.7677285874439069,0.4254478183464019,0.0014337465844064918,train
0.5402925483084154,0.7508545887745481,2.239035990579329,train
0.1178194680782929,0.9997936238387966,62.535563584440695,train
0.23907291221690077,0.9836659237117199,0.01306644116923659,train
0.1988104376628373,0.9932342757709328,15.100617106081941,train
0.5587333287564813,0.7285258202931598,0.0567131628304565,train
0.05936116959710622,0.9999999517093776,1017.8471948861455,train
0.21754746873962594,0.9894119343479418,6.241439080814837,train
0.5836066038061574,0.6971733126578388,0.06893329876318094,train
0.18688122944895552,0.995131357489407,105.08786250133025,train
0.8681651166142583,0.25153996855531446,1.3889466981650473,train
0.32431778553744167,0.9458780939269534,0.026371174851237425,train
0.8547319803029776,0.2757362834362973,5.593383545920757e-06,train
0.19599517388484522,0.993718309953163,121.36877208533171,train
0.41637857136231915,0.8788454833157735,2.1374329205434397,train
0.15552635226942638,0.9983702021437545,45.32356535094511,train
0.2683925072511265,0.9733980448444094,6.359710373372427,train
0.2816120979985171,0.9678310067681101,0.0012903093034697818,train
0.1622041593481834,0.9978706584548601,0.008619166599539279,train
0.6443392523752693,0.6149561807741117,0.001104834988816269,train
0.6864670814617263,0.5534826799725474,2.2877283992382804e-05,train
0.1612679558616545,0.9979463269493901,55.56668278948404,train
0.17048276133937063,0.9971165924527027,346.44491476894603,train
0.7138525746184452,0.511683564014336,2.9681906874567384e-05,train
0.2124507101149488,0.9905574411061991,50.04052041264572,train
0.2519951347539347,0.9794921748987705,6.274080215332039,train
0.22283132688353952,0.9881386388474146,7.676358291030626,train
0.398218409429674,0.894098595638516,7.249685862847771,train
0.16203649630095124,0.9978843486167861,33.73303503011753,train
0.22924045088100026,0.9864752475951881,43.81141027365177,train
0.22302577474587498,0.9880900993139391,56.684724042482024,train
0.920305584808162,0.1550378527467433,1.4714982421243645e-06,train
0.4646169793008562,0.8338085628838623,0.19866267726878492,train
0.17838854733220333,0.996245093912704,20.20262668328448,train
0.8323266601285658,0.31546635228842856,0.010879095536101743,train
0.47930076911639374,0.8188489387582957,0.1880172825254593,train
0.1273365673537419,0.9996103038878663,791.8691838026525,train
0.3176750093157681,0.9496870318112618,0.16610680675970702,train
0.19267889192489696,0.9942593819152921,175.32503180463394,train
0.172131412738637,0.996947459485456,252.67102926272133,train
0.7864240080894116,0.3943342797458119,0.024191689088651613,train
0.15947169121063925,0.9980862776144797,9.534397901529406,train
0.41942642691085547,0.8761921764666741,0.6324588407822741,train
0.11420711676573578,0.9998422723422244,15.808711855434215,train
0.5443897588432873,0.7459622395813612,2.1464687656757504,train
0.26687278410609006,0.9740005840347642,17.061739301737987,train
0.4890781210333532,0.8085763510493205,3.46708976628949,train
0.3027596804045719,0.9577131136050953,13.272401285977734,train
0.14621951341144182,0.9989209266903655,3.245554163521538,train
0.16988275254788235,0.9971765414348763,348.32061581603466,train
0.7179353819539834,0.5053318594753167,0.000203373728451933,train
0.17834502864327056,0.9962503172214923,61.38299466663057,train
0.16495136650022324,0.9976375854209418,4.899617037348395,train
0.1298387240284814,0.9995464337430711,1.072522312033962,train
0.3083822311999623,0.9547734800263309,1.431767894815486,train
0.24827220753667092,0.9807511891104128,21.83574416828259,train
0.1840959391343593,0.995517625307658,118.02150423555295,train
0.19704806919877285,0.9935399598237131,13.81350376991554,train
0.12264283920708634,0.9997116705407743,8.904470815569975e-06,train
0.6157175091939563,0.6546769023101757,0.00249187904981655,train
0.19723703353226812,0.9935076135672862,96.50788231597511,train
0.17295438347871597,0.9968605878290907,124.450705058581,train
0.20946300924765449,0.9911917000289182,3.9347630337685917,train
0.35275693500028027,0.9279653822440217,2.6734767278579517e-05,train
0.8999139253959167,0.1932602222229256,9.044048695864713e-06,train
0.5768971335048179,0.7057677038129138,1.547313655408395,train
0.14872294302644914,0.9987883413091883,26.624821038252396,train
0.13079862635435444,0.9995199739895533,1642.496702071696,train
0.24895325467089494,0.980524305281968,7.469404226589194,train
0.1186195532689467,0.999781444556512,1596.2453995833246,train
0.8521268917511144,0.28039628106689596,0.004146625089223215,train
0.701339500631251,0.5309576770769535,7.840211908442346e-06,train
0.48176567135129267,0.8162824574737229,0.07906897078481372,train
0.21013482926074234,0.9910514574606073,35.01340735368981,train
0.18186106000925345,0.9958126116061639,12.015844705014398,train
0.1983878130142567,0.9933084002994339,71.97536650282719,train
0.2753320893401426,0.9705485013896129,20.55885764877831,train
0.21634745278715775,0.9896889028916606,17.64174350354713,train
0.44383859181836993,0.8539943966301338,0.028490038143574425,train
0.7919908003572869,0.3849552635603538,8.920624445384789e-06,train
0.1840938083553083,0.9955179128508325,13.325648452403726,train
0.4602554070826236,0.8381422135633665,3.9491779369266496e-05,train
0.826105633726288,0.3263563538006585,0.001391891680577242,train
0.39657482599838684,0.8954315274515496,1.028273370094886,train
0.9430300058540253,0.11173405308640916,0.0005866277214402078,train
0.11855241795942731,0.9997824871440306,5.279580381748892,train
0.22745339649673293,0.9869522631477828,7.054807281186756,train
0.21813048957593,0.9892757468287293,13.544644821788546,train
0.21404748086731248,0.990207222387226,11.453280004251695,train
0.40755092730846343,0.8863797014580891,2.868167759088269,train
0.23187513122271916,0.9857532208535528,69.39998524729353,train
0.2444422127964005,0.9819985597653875,4.827901837463613,train
0.16504312649200026,0.9976295122884777,70.72904196639335,train
0.427104892467797,0.8693904945659416,6.026062008588445,train
0.7828754818859813,0.4002856202563275,0.010854245106089599,train
0.3716838590318465,0.9146315000173122,3.855231693976658,train
0.24097814556007333,0.9830851153123902,10.351892338447055,train
0.4543747833191978,0.8439044972748548,7.08124610256634,train
0.20829797730276,0.9914316462757501,0.00034706470298330043,train
0.12976401996616563,0.9995484464534757,5.406319235875627,train
0.48570979750487275,0.812143099393187,2.1565360474395074,train
0.7122724356616036,0.5141335527519865,0.0023756025521218926,train
0.17493319512879144,0.9966449509906489,5.220593599327674,train
0.19375567371965183,0.9940871183653028,25.653889806027472,train
0.469985769732701,0.8284047207949317,0.2853628189223866,train
0.1561799466864901,0.9983253449429678,37.143561487647716,train
0.10963553840337416,0.9998905597473856,0.005018053537394387,train
0.1765550541802458,0.9964609994661826,23.59733064014066,train
0.2574954940543186,0.9775478465824778,0.000870891297102286,train
0.24658191031878107,0.981307665351887,19.802006449420777,train
0.9073727552955391,0.17934998967590643,0.025229733400076892,train
0.747318456557062,0.4587253872864171,3.0187299584960966e-05,train
0.1792175260345956,0.9961446729228985,0.06990647048376923,train
0.4616837469200537,0.836728609255851,0.264846215085768,train
0.41819023109176423,0.8772715467236526,3.1113790420827883,train
0.16203444064918165,0.9978845160895198,6.139352473822488,train
0.38726861509079935,0.902827752061909,0.0003562279551545698,train
0.17099869053071617,0.997064361763119,213.18895623360143,train
0.536457830624604,0.7553975432388101,3.7745724015492015,train
0.42329748922113203,0.8727840398586227,3.6543821969942965,train
0.10948823500437763,0.9998918956993729,20.52213315514793,train
0.536106662405966,0.7558118237947624,0.02263267586309682,train
0.2613858125709947,0.9761118290759289,30.049157503884786,train
0.20648353180963158,0.9917971602532439,1.9327101715753625,train
0.22905801206714838,0.9865244161015224,2.5420392094517115,train
0.18410969117615764,0.9955157692141575,1.0386766190095322,train
0.19766571369709152,0.9934338516328477,1.3371128862002812,train
0.2767247919901932,0.9699572253253416,15.702095856596124,train
0.40872831047536695,0.8853878450739289,0.0685515148063278,train
0.2486046140422514,0.9806406430924568,0.2987156453783153,train
0.5125253290916633,0.7829516114713081,4.518663983536255,train
0.8765905358871621,0.23622227714934396,0.02449371846251472,train
0.20866296193147923,0.9913569184644263,38.6748813982888,train
0.1375151027563076,0.9993016921399029,45.27046261434111,train
0.23425555717430158,0.9850815672113945,10.660414324815434,train
0.102890064517963,0.9999398414344117,4235.45793220953,train
0.3893032977484788,0.9012326879583885,2.2352194045885847,train
0.2565394690752322,0.9778930196501965,2.063447339922146,train
0.14222558313066933,0.9991104808856844,67.04626269894287,train
0.8880343389589053,0.21524454938136706,3.259847773312683e-05,train
0.4657344014137939,0.832690140265106,1.7539015921761028,train
0.1333735859694565,0.9994433438376078,12.879429653102155,train
0.16323153996753034,0.9977854366184146,16.95583934149639,train
0.24074016653520522,0.9831583133765689,2.523902616413147e-05,train
0.41893104424498984,0.876625238116002,6.512061212226663,train
0.18517881232031422,0.9953699267161001,3.097146678722223,train
0.5477799924374415,0.741884230151156,1.4618740740139515,train
0.3146088743816947,0.9513965860515566,5.711293360346207,train
0.17355857822819926,0.9967957635501544,0.23677333587060684,train
0.14289261471027917,0.999080635934218,35.212461672338144,train
0.7136307141147812,0.5120278352337863,5.275209316207944e-06,train
0.3532375051552427,0.9276406224127497,1.057390419967465e-05,train
0.2432505229732355,0.9823768047519689,44.30132833979509,train
0.12166188022703124,0.9997300523772052,45.34005906710248,train
0.13905391053535,0.9992428966249127,168.5338688675125,train
0.15119622620092782,0.9986463747552232,14.862342388974142,train
0.13482126944240497,0.9993964918060338,0.000884484385344385,train
0.15651345245961373,0.9983021271154722,151.53343181529505,train
0.2413116906038526,0.9829822100603458,7.027271205021908,train
0.7840511227659195,0.39831627691850036,0.006400072460738611,train
0.24440461007650754,0.9820105664267811,42.11730008739534,train
0.3228371479329382,0.946739518402132,8.140165289214975,train
0.20553424524937453,0.9919844398383312,122.90781014702674,train
0.30663368683262676,0.9556988414265559,6.777952454063961,train
0.1338793197912101,0.9994272926601191,1066.7214409480935,train
0.2739292779248741,0.9711375127405738,0.027946143216044262,train
0.18224017311768187,0.9957634987181578,226.5134148424823,train
0.21349629299077508,0.9903290030784185,1.149237852705287,train
0.9453308282044987,0.10730860199086856,7.652947950971328e-07,train
0.4621338612649583,0.8362820086031727,3.3782078615739377,train
0.2838860604935189,0.9668145184643109,24.176840339184274,train
0.4913486458271293,0.8061556786428534,2.6677611125233476,train
0.11962644370039811,0.9997653449947723,1622.3782944158174,train
0.20522261937883296,0.9920453295162837,29.0991993962709,train
0.27393060567441396,0.9711369583574043,10.80453988389695,train
0.1898540789097222,0.9946958464832028,21.77498245130569,train
0.43190545658315227,0.8650535221108857,3.114521304632358e-05,train
0.13729366978718424,0.9993098698368219,1.4370930066104326,train
0.2929606250381333,0.9625863298539188,0.0280174193725157,train
0.47340530809646936,0.8249231946375183,0.07491860144777081,train
0.21283491531910187,0.9904738917355924,59.97147156259075,train
0.15085644737421675,0.9986665412965777,0.00026602358113550555,train
0.15343616382151348,0.998508010054305,12.983196202415465,train
0.26849237623454986,0.9733581784831347,19.382807867071996,train
0.30333546710056547,0.957416871757127,0.40239565783153275,train
0.497697213182759,0.7993176598797092,0.13772497799843017,train
0.5250775064704691,0.768672975863661,1.7485404418623243,train
0.8537598291463208,0.27747651066481527,1.0437233261947834,train
0.4223554795172865,0.8736173202383586,3.3451209911776694,train
0.21863707590499018,0.9891565493822722,3.9881198737773986,train
0.2226431482294757,0.9881854992312946,75.71296055708473,train
0.23038059586421183,0.9861655427851475,39.54832883675523,train
0.11992199358072869,0.9997604519265498,812.1791769506219,train
0.4251957186867064,0.8710972682180967,7.868815014412524,train
0.15203396287703128,0.9985957349014437,21.774226938405985,train
0.5977358908786118,0.6787495247141804,0.28065424022467667,train
0.9342819789862451,0.12849172721270508,0.01622667682124004,train
0.14964287028287063,0.9987368362467516,16.602301072259518,train
0.9060229150018937,0.18187342791088257,0.013386854092325167,train
0.1090176039758076,0.9998960787567865,1.744485229876754,train
0.19657425105877,0.9936206141841253,18.76142460800123,train
0.15342002965381493,0.9985090407888187,7.018987104869857,train
0.3611944806744427,0.9221584695176891,8.77779332874652,train
0.2879916724129521,0.9649355523911565,3.3385283380561406,train
0.12321914207393889,0.9997004385640206,501.5510868475817,train
0.18665542689441142,0.9951634508674971,0.5261120971458522,train
0.13139736334325613,0.9995029001306082,658.679811643538,train
0.1450875327384574,0.9989773340170716,70.8515399369303,train
0.16552490039787854,0.9975868157350082,76.31584513190978,train
0.4425282930259206,0.8552279758795494,3.3843212795517862e-06,train
0.43419882141466637,0.8629588348517416,1.1497940831508209,train
0.2647887892082972,0.9748142955877678,0.0001018768212700618,train
0.1318451440374235,0.9994898399897099,0.1405275505383993,train
0.15749785060698604,0.9982322880933914,5.250734628764895,train
0.1702657520186013,0.9971383728851925,1.2385297292711959,train
0.8878584397962411,0.21556848436420595,7.063866183076995e-06,train
0.19734050761821442,0.9934898576055259,4.303411073997472,train
0.3745958535811165,0.9124819748309368,0.010142061387797597,train
0.13355260543430109,0.9994377004665711,1398.7802802731217,train
0.3212666510715198,0.9476454365234592,20.51970987735929,train
0.48624348708476456,0.8115799128078478,1.3288332923856567,train
0.2067016941695579,0.9917537374437954,1.9886504679732544,train
0.1523150182881542,0.9985784505166522,22.660640800873058,train
0.3792875606938245,0.9089644002640582,0.00020696158096143383,train
0.30761404221753375,0.9551812600425749,2.6071832026903116e-05,train
0.1765743791294345,0.9964587680328638,270.7166631730852,train
0.34652354776801136,0.9321119264771509,0.0056984795357926605,train
0.6977938435507405,0.5363658060787347,2.435257928115366,train
0.2805952817948617,0.9682799477274663,1.3204529376337188,train
0.16031474573094642,0.9980214433849843,37.00541942409219,train
0.520365245349086,0.774078481989944,1.4885779741131755,train
0.20162857381612745,0.9927266741487908,100.47682985206579,train
0.1274028026676517,0.9996087052993071,2042.7594973295809,train
0.8517513598109893,0.2810671615290332,0.002381588162206874,train
0.19823221489523007,0.9933355602435174,150.18126574877925,train
0.5953284306028344,0.6819195948528037,0.00903548151285167,train
0.24664904285518693,0.9812857441876859,0.3662675720320111,train
0.42941108474373696,0.8673150911773171,4.667284944053722,train
0.2710949968533098,0.9723074889495987,5.328775890854906e-06,train
0.5216886079027262,0.7725658829323303,6.492137883974924e-05,train
0.9289883720452612,0.13857917457025581,0.03864062376771031,train
0.2634593765091559,0.9753257946337067,42.37605318421398,train
0.37223849389301555,0.9142240872273135,0.04948236598508869,train
0.7368473829333101,0.4755126582726583,0.0019355424505273083,train
0.2421061765107949,0.9827356239818994,42.759873347042195,train
0.2009840933312396,0.9928448102961688,32.849545956277446,train
0.5043029616893406,0.7920946020114161,6.605191857231478e-05,train
0.6770049168143202,0.5675933512045129,0.0039427205678341974,train
0.20944121749797404,0.9911962260422288,1.561202333933565,train
0.15358922875837047,0.9984982065574098,286.7282607197622,train
0.6254998913323404,0.6412924949953636,0.009507264817903616,train
0.18782952964441363,0.9949950623295499,1.293402814502815,train
0.17155561871333755,0.9970072683861935,4.76407792933431,train
0.1623648933744265,0.9978574769449761,21.954072202991544,train
0.9445974752330515,0.10871996017694707,1.3428943167570226e-05,train
0.901867473551994,0.18962491567777906,0.009819350453815266,train
0.49424447210376593,0.8030492831759242,0.18837585973893542,train
0.9271532382355805,0.1420668151689346,1.1960702133180592,train
0.1281847622106412,0.9995894597329196,71.47325314238425,train
0.19770676156459113,0.9934267607816019,1.5649720578692625,train
0.2023694841324952,0.9925893496737515,0.09366020063263261,train
0.2570733880895127,0.9777006233204353,10.990873948992652,train
0.1294603833960005,0.999556558848227,167.76182655833367,train
0.34427887035862953,0.9335750615552044,3.3904415328972757,train
0.2524149971277467,0.9793473023173066,5.837285358131331,train
0.40441569462068355,0.8890012401737809,0.20544608545850127,train
0.23340176056652734,0.9853245849452149,11.608391671496543,train
0.19599152959585053,0.99371892173351,27.073057588195958,train
0.3693971192353352,0.9163012960799521,0.021727293004922748,train
0.29028598035271996,0.963861065855239,2.076168506589225,train
0.24481442196464753,0.9818794608828906,2.7982350702904655,train
0.3520842264495193,0.9284187674561755,5.674016280737664,train
0.894907151797366,0.20255137157636993,0.004282606856807525,train
0.46020874314621973,0.8381883040146905,0.002172068758496517,train
0.35207884202993006,0.9284223906573543,4.376593755180129,train
0.21846263780782615,0.9891976846630715,92.47667110423242,train
0.22861968404105443,0.9866421109101436,26.837920009831112,train
0.4590708363370841,0.8393104206933258,0.09484768667252289,train
0.12815973216929158,0.9995900865078752,13.714002211569815,train
0.9225236431579968,0.15084374875003637,3.592118436322794e-05,train
0.1797498371662447,0.9960792612243852,1.9724823003055685,train
0.24471754949184363,0.9819105019399315,1.9996843113631977,train
0.39205275376703685,0.8990576616590097,6.942241206930464,train
0.4889352730849615,0.80872820472448,1.1150466391402043,train
0.32366998441249467,0.9462558559465226,3.9799078127383627,train
0.19977426493343323,0.9930632852027043,2.363466898762855,train
0.42350887094902867,0.8725967105525452,2.0515000489110498,train
0.17462358889220114,0.9966793242946942,5.752117288385911,train
0.9007966376541401,0.19161830508290256,0.020060595546974307,train
0.3885568852787597,0.9018192657664954,0.041205697828401215,train
0.19251166674088863,0.9942858414835221,7.339387853061209,train
0.17292775013345535,0.9968634248929718,261.27732155799043,train
0.1964797187449568,0.9936366284216007,1.5774315151658198,train
0.1960361662730038,0.9937114257868987,5.3446105453218065e-06,train
0.19720436302893993,0.9935132133505732,26.97043073840836,train
0.16454654872157204,0.9976729772564876,4.1666181967856275,train
0.24097814556007333,0.9830851153123902,20.0641399382042,train
0.16672803119572063,0.9974779032482904,299.607604627841,train
0.22423894035694372,0.9877845481706609,7.833690464591395,train
0.13285184884592544,0.999459552800969,1.3747692009307254e-05,train
0.13977836668071897,0.9992140046965893,10.314403386345582,train
0.39290147651957735,0.8983817145721835,1.7329773490151297,train
0.1684574407290367,0.9973155569885414,4.527747249887372,train
0.22735805867364156,0.9869774234865121,5.091333847316192,train
0.17262663734506659,0.9968953806306822,245.81058349516815,train
0.42735498318139664,0.8691661552233985,3.4859200312259317,train
0.9440367805035889,0.10979852084096198,1.0460455983713792,train
0.7389077743922544,0.4722249015707294,0.0031938832003388096,train
0.9005216276156978,0.19212996993259923,7.487754610531956e-05,train
0.20774804734229474,0.9915434781440514,0.060810857107259725,train
0.2485736400750884,0.9806509593285886,1.800970351245663,train
0.24189205269589553,0.9828022861036297,0.1343603793549875,train
0.30515376391946003,0.9564741685753543,24.23118653947569,train
0.1825244883634772,0.9957264190138122,40.29452342879527,train
0.1289581036751079,0.9995697396312619,2.364745008981581,train
0.5385383280517078,0.7529371248774497,0.2370050844747385,train
0.24464259909239044,0.981934497232159,0.7858576035318939,train
0.2714634999953879,0.9721568920921879,26.65772512340835,train
0.175838987455621,0.996543023871169,83.49490338174753,train
0.25823023308531823,0.9772804998986363,16.28095750926301,train
0.19493110418061588,0.993895325795433,30.140767957624114,train
0.2705607587047663,0.9725250106796832,9.834139301407294,train
0.25824292911900876,0.9772758644321842,7.906580337217961,train
0.11878708627425447,0.99977882616388,345.12774237891574,train
0.20487992128247737,0.9921119549546304,90.91998074162942,train
0.17743143760499613,0.9963588598472723,0.1840061479731023,train
0.3107333948042557,0.9535133376155321,0.6308379529091172,train
0.1494959689024441,0.9987451632476326,3.4423899564604654,train
0.372578182977966,0.9139741004454581,0.1553496259894975,train
0.9222876933056917,0.1512902420387593,0.015329658190418705,train
0.8062725932272606,0.36065633396849406,0.0006734663352917609,train
0.1557567700983123,0.9983544852545043,2.8242714235853277,train
0.20258240669588173,0.9925495854596053,58.87776547967183,train
0.9330796433518332,0.130786403630326,1.7407382170915894e-06,train
0.44874711152991575,0.8493314290158958,6.594069594849277,train
0.5145504506860114,0.7806740576596433,2.100948251257642,train
0.20042537170406569,0.9929462389660871,23.291299731710524,train
0.9044259704677029,0.18485535085299065,0.07711936042816366,train
0.4624151826412626,0.8360026086094487,5.812872383957362,train
0.9172888023364681,0.1607308184507057,0.0002875358635271741,train
0.5373457333397645,0.7543487575537321,1.5988372435266862,train
0.23636498249270899,0.9844709976627678,1.413084849471619,train
0.1503975617822236,0.9986934387305434,0.0018389577496898235,train
0.47048717651346267,0.8278961499116105,3.5412950988598975,train
0.10797545943634987,0.9999048906097587,57.94445609618389,train
0.5196476052402041,0.7748969573028911,0.0013037307969202122,train
0.27602309701395766,0.9702559426318017,9.779591332199857,train
0.43815735244607434,0.8593087617230657,0.003224567104345668,train
0.20382382896080903,0.9923150691955798,26.258268053172046,train
0.17827439617304006,0.99625878458299,103.84502915926586,train
0.9061795766159322,0.18158069663039933,0.004836850208630552,train
0.43213799829981087,0.8648417954907377,1.2074028953361449,train
0.22606034827852908,0.9873170038316624,0.14614887929997628,train
0.2885025559029365,0.9646978097967706,26.18569687191882,train
0.1218780052038836,0.999726081078674,1155.6676187777941,train
0.4816415285941042,0.816412092810362,8.434228157280236e-05,train
0.8519094335450648,0.2807847927435211,8.026982349108599e-06,train
0.2142436613159885,0.9901636512186542,4.922753495802663,train
0.21680276643480845,0.9895843436480423,0.03672296851893372,train
0.17765033003572622,0.9963330462656428,94.29759402454172,train
0.31798150620085347,0.9495144520506622,3.2438676781097344,train
0.15467043492873958,0.9984276658040185,271.1802770039369,train
0.12474143382582357,0.9996691781270944,0.42773651126644585,train
0.2189410549767916,0.9890846382051462,2.4807435188461335,train
0.27480538267035776,0.9707704260967577,0.002916992052653527,train
0.40883431113858165,0.8852983501767038,5.386361561161778e-05,train
0.8579187118801594,0.270021473361991,0.10084361353314764,train
0.4266813045074402,0.8697700641750917,4.09030313889973,train
0.4393031473069951,0.8582441337850293,6.972802098056958,train
0.9763742553729527,0.046876408817721815,7.545727204875556e-05,train
0.13964606112734593,0.9992193399211747,23.202011974523675,train
0.43855973957558847,0.858935293461585,2.8199469112755438,train
0.22230043398442823,0.9882705538229453,5.065389234389676,train
0.16401875563992166,0.9977185730274702,354.89931173644175,train
0.367101645561267,0.9179613202452026,2.769273437262402,train
0.20611422696871198,0.9918703400182929,0.0989780761227745,train
0.8736888298815797,0.2415099005741156,6.024700332848796e-05,train
0.9252880270740461,0.14560665640799453,3.754118021809004e-05,train
0.16566129996352127,0.9975746327749201,0.002588603440199152,train
0.17765609459565557,0.9963323648232267,0.10314843584766806,train
0.27872236995104377,0.9690978268728411,6.352707913209736,train
0.1901789952868716,0.9946467738813789,2.0579006281209886,train
0.15383824716338534,0.9984821609198341,94.55721963341324,train
0.8431963782558001,0.2962905995798235,0.009972372624595466,train
0.2597154713119555,0.9767345775575105,0.06317804234361661,train
0.4240109791587487,0.8721512278254323,0.08814337244831061,train
0.5997879480193357,0.6760375038097612,0.305213926560547,train
0.8687712406768937,0.25044163668633457,0.00013201950081473992,train
0.14507462470601337,0.9989779647787671,38.80870037640406,train
0.08981124502330745,0.999985397248332,4.734768517365504,train
0.2946241995865325,0.961781466903577,22.47335566983438,train
0.31180607688421413,0.9529323810313067,14.076944418587283,train
0.875049206309878,0.2390325547256935,1.3963195757908802e-06,val
0.26025692246968474,0.976533729373498,5.516489991505608,val
0.19011529586382556,0.9946564175390015,0.2720576837408389,val
0.36595030074916646,0.9187878324505859,2.899837750790036,val
0.49298299728275,0.8044051085461308,9.147138572091777e-06,val
0.4570957368460587,0.8412498629928841,0.2741450082294372,val
0.145351802268934,0.9989643588628545,7.2706856208544295,val
0.1800484568926353,0.9960422467444269,26.975564149702734,val
0.6425751899982999,0.6174531257682162,0.11547010560571361,val
0.5077884304571095,0.7882393887185284,0.23033491563609723,val
0.27227519648127324,0.9718235728644036,5.524481222514659,val
0.37450024829141776,0.9125529580791287,12.526032729045673,val
0.13943410983886034,0.9992278319850701,6.640338210434904,val
0.7916989952265069,0.3854481943789412,0.19285226225772056,val
0.14277652502214233,0.9990858812394817,324.1198051884329,val
0.3103885368106437,0.9536993071424924,0.09672504066428171,val
0.28579329308369916,0.9659486519268795,30.193729548397314,val
0.20468594798324974,0.9921495105603327,5.29496952612095,val
0.19359393528032062,0.9941132022418822,19.552927911461683,val
0.5889042607572336,0.6903168246047668,2.9901159230269747,val
0.13695026068541144,0.9993224135628247,61.573731857877334,val
0.8299417000151128,0.31964859473930274,0.00036683714252095707,val
0.2034567670219963,0.9923848869513084,0.008392985244487004,val
0.12797299778099291,0.9995947399792987,0.0616115567701491,val
0.18675569123666433,0.9951492173331226,1.502510670604758,val
0.1893072028584558,0.9947777829456009,14.999141806312965,val
0.5150008096990238,0.7801661888080782,2.9600723712142423,val
0.23401097300710563,0.9851514255307925,69.0578220118655,val
0.8209350873819048,0.33536009481699225,0.03525843235186602,val
0.24837627791376882,0.980716618497922,9.662790444716236,val
0.13948661449610006,0.9992257346111177,901.5419752855365,val
0.17426634430606552,0.9967186928283602,49.886139867256716,val
0.1473042322459221,0.9988648209061709,0.003920973529352832,val
0.18151990999841622,0.9958564847936211,2.660035724137646,val
0.4705132592931299,0.8278696763311394,0.26620503138006224,val
0.2801038375530162,0.9684956901615218,8.298915654743809,val
0.17078229077103665,0.997086346297855,308.75334367677664,val
0.5044989563755516,0.7918786200415094,3.8396889533480594,val
0.4626673065525008,0.8357520272261176,2.62130180156922,val
0.46008556792191446,0.8383099374458771,6.194404980391454e-06,val
0.24099480443402116,0.9830799843829949,16.87134505994118,val
0.2668154821789694,0.9740231520509539,1.7430392082734636,val
0.19648145021085972,0.9936363353336181,2.218251367346225,val
0.43193175944626266,0.8650295812388079,2.954482504116566,val
0.4427512068763512,0.855018447236613,0.015843846325206825,val
0.4821360556125589,0.8158954488577739,1.0231792493595497,val
0.6556251161229483,0.5988326593491176,0.28242755161361877,val
0.17156676718887587,0.9970061179278593,281.4625903883087,val
0.19397567819795059,0.9940515189388798,1.0318704304892178e-05,val
0.14909998330725271,0.9987674154251439,16.91192891316987,val
0.31254120302663735,0.9525320605834942,4.461845939855641,val
0.6571822022207181,0.5965880471329507,1.3242888291126095e-05,val
0.7844484201921288,0.39765022578697906,0.048057825870673844,val
0.2464906111987031,0.9813374538769912,0.042801181956327906,val
0.15417436604456164,0.9984603126345272,4.486160307989488,val
0.5097477153749523,0.786058989357769,3.4261428124415506e-06,val
0.7653155762336609,0.42941994864598065,0.0434370194258196,val
0.16696780052300597,0.9974558052815712,1.7735811765525686,val
0.25406466558254226,0.9787724184473794,1.117236293320553e-05,val
0.1377094283643381,0.9992944574674009,231.78814311053694,val
0.38012449524678066,0.9083298952735658,0.8920844728098665,val
0.2830377310390205,0.9671957510926015,4.763248323427371,val
0.2200088181209064,0.9888297411368119,12.62539292519753,val
0.4950649143075659,0.8021653082044506,4.755350264399436,val
0.13038370754845227,0.9995315480624429,799.5711784588199,val
0.3596973073743084,0.9232050617334681,5.901538128857084,val
0.22033681532532087,0.9887507212996729,84.86605020792564,val
0.25081125633761897,0.9798975191893816,7.940815731646144,val
0.19707340116536626,0.993535629559551,11.410927983110682,val
0.4363506844780139,0.8609800532199112,0.09892337436988932,val
0.4840380269224999,0.8139025228429434,3.159749297507537e-05,val
0.2914089167010294,0.9633287738405466,2.526112855754626,val
0.7827322262563614,0.4005254310426245,0.039097681924871674,val
0.198791127334496,0.993237673938973,4.399032987056175,val
0.17168236904384968,0.9969941709197881,0.7120803241787581,val
0.920305584808162,0.1550378527467433,0.04899601380178945,val
0.38008477080157743,0.908360059473112,11.884419919117622,val
0.24811194246485022,0.980804356672259,3.963274605322922e-06,val
0.8976000928969682,0.19755866260452304,1.940776643787946e-06,val
0.1942557970291483,0.9940059937401601,5.820411392792015,val
0.09762141420196689,0.9999644044338066,11.96440816905769,val
0.2302907993618156,0.9861900867656982,0.007550155001096941,val
0.10721033774675248,0.9999109781199313,0.00019863224855736278,val
0.6564876100782842,0.5975899324279201,2.23197757868738,val
0.18358156209303506,0.9955866889488799,62.83055654817568,val
0.36468349503152353,0.9196925043962458,0.07190407254752108,val
0.4375541774494008,0.8598677470234832,5.8575085298485945,val
0.29140553208168374,0.9633303845181227,17.67816040889855,val
0.19313095782184175,0.9941874588085389,2.2964960273449136e-05,val
0.18375411305632378,0.9955635994572484,30.983731180961136,val
0.17494176371491804,0.9966439963155209,17.373669633843708,val
0.27488220729851787,0.970738114284089,6.86702062332771,val
0.2676836841608178,0.9736800393960005,2.815404020673476,val
0.47030964267987047,0.8280762961252155,1.964060709277978,val
0.4618075321685311,0.8366058442412729,0.00021941291328599763,val
0.4889917507578937,0.8086681727078785,0.1987264332349733,val
0.22190842522071907,0.9883673861849721,5.336118228218653,val
0.9285423207687458,0.1394273322688383,3.455557438411958e-05,val
0.11806323157091399,0.9997899696566357,874.6467544236549,val
0.1308215596456034,0.9995193281424803,0.0012058170577896722,val
0.14414882361905224,0.9990224816322787,0.06056264849179969,val
0.2342492704105379,0.9850833652747201,6.675328692691092,val
0.27817135706408264,0.9693362160063022,5.5294647965453825,val
0.12333308846770905,0.999698179173141,1828.6817524322094,val
0.2636145316325576,0.9752664020775692,3.2467992896325786,val
0.21116972741114706,0.9908327266749767,6.148643577288907,val
0.3514343571066661,0.9288554093678023,1.5047667994397238,val
0.28593244641492493,0.9658850024576913,0.033529589110343115,val
0.46066040489515486,0.8377419482173084,0.003111563421201356,val
0.4679093635908625,0.8305037317518598,0.001268169122380324,val
0.39980848696172716,0.8928014829305415,0.013810800766631619,val
0.17467890355409488,0.9966732004776617,105.6499935988895,val
0.10516285055306192,0.9999257709907641,943.3200457256495,val
0.16008652519872046,0.9980391421016441,0.21452378434153643,val
0.2785473485392252,0.9691736577724416,0.0020964347154576323,val
0.9226576299778364,0.15059016662958047,0.014822531418870964,val
0.26530251937013277,0.9746150535062403,29.383140109071235,val
0.22142665686679805,0.9884857246430809,2.1025110681518804,val
0.24297549455683123,0.9824634353636011,1.0017326471704953,val
0.1788174345257811,0.9961933586033156,52.27039910382107,val
0.9265254878863461,0.14325873325768046,0.0009030267414424848,val
0.21117989464809717,0.990830561530343,0.26700088314553466,val
0.8891709104319017,0.2131503269572027,0.0213652074411473,val
0.9158082388402867,0.16351995351120863,3.775368313152818e-06,val
0.3832666559139747,0.9059288411812799,0.00013898774877754957,val
0.6875163213611298,0.5519073626350566,0.02391621881274153,val
0.12895869285959602,0.9995697243430871,1032.898168715545,val
0.144575404672879,0.9990021462707467,4.542997960123997e-06,val
0.16412695931661436,0.9977092756961091,30.02503266782879,val
0.17996570369916656,0.9960525271961191,0.0002732425793005292,val
0.2727268026318566,0.9716371690628689,12.87152488277788,val
0.17236067909336558,0.9969234229901613,3.967333522610907,val
0.8792762525805434,0.23131684061075175,0.0027822837435939165,val
0.1335084141741627,0.9994390974443542,559.8473708328294,val
0.48381000689868714,0.8141419399227207,3.913650711988564e-06,val
0.475073882379298,0.8232132293498442,2.614458171496111,val
0.23673759901055252,0.9843616384373705,0.005267648262397684,val
0.4514668101694199,0.8467194754576751,1.0684253047098735,val
0.17840537352552518,0.9962430730640908,14.993470611775882,val
0.5409102512279406,0.7501195445929268,6.170331818863285e-05,val
0.12363293214465094,0.9996921721728317,627.7714084089711,val
0.13017359048133553,0.9995373295397549,0.1272142759200808,val
0.7189037147443215,0.5038209002654226,0.0004313291506748421,val
0.4519691608746303,0.8462348268214085,3.8863153800962063,val
0.7998555370610263,0.3716161850793236,0.02628119194631779,val
0.08237598016499209,0.9999946552518598,23.76272118065279,val
0.14195813953347997,0.9991222484364767,28.225751662366008,val
0.2762174443680319,0.9701733722056426,3.33147622519652,val
0.8865212332694318,0.21802955860813344,3.929976479422647e-06,val
0.14354466351229192,0.999050770600884,466.90574384001746,val
0.4858089066230128,0.812038567905941,0.0003616375642140255,val
0.15633645397736112,0.9983144770749043,1.934096104262078,val
0.13454793458670644,0.9994055520045341,1.8354472486186377,val
0.15215126102552987,0.9985885393954027,5.732421851425953,val
0.19264976184093913,0.9942639967422157,54.957186795274595,val
0.2883164119973028,0.9647845336805111,29.899953947289056,val
0.17048276133937063,0.9971165924527027,1.4567726474293296e-05,val
0.23395687295264836,0.9851668513922891,6.690816368445248,val
0.8381408920995146,0.3052325385688561,5.498430285605e-06,val
0.34432116318418976,0.933547641701449,0.07535870172270925,val
0.39135731111484373,0.8996099359465337,0.21428808851385048,val
0.2634038625356895,0.975347025559846,3.4375603292610237,val
0.21421677130694983,0.9901696304614445,1.6421258348123473,val
0.37267483013812175,0.9139029106043081,2.2906003984358216,val
0.302664226878382,0.9577621184764813,3.588795215925307,val
0.18921391573776158,0.9947916774326366,32.86978435091338,val
0.13993040250361333,0.9992078412231311,37.5525828658619,val
0.18462105000062962,0.9954463940299819,29.545221275404334,val
0.17513755475607595,0.9966221326117604,29.429857752680306,val
0.9101364897352543,0.17417502572891175,0.01367150188616146,val
0.162261936214943,0.9978659267206338,2.710138941175497,val
0.17790632364936226,0.996302703497098,32.43458871865596,val
0.27142850261839396,0.9721712140499401,0.016592491759204263,val
0.8065915614054976,0.3601097858711412,0.02491382404125823,val
0.1457610449346004,0.9989440337669743,6.770732821482968,val
0.18511636887867883,0.9953785289170513,1.2848343293631672,val
0.48857808298082406,0.8091076849379839,1.4567918579387509,val
0.12092075702278282,0.999743339461298,587.2098977104465,val
0.5098322917309708,0.785964653748675,0.05990610235762095,val
0.5477799924374415,0.7418842301511559,0.026585040350586574,val
0.816641295426153,0.34280420785336785,0.02418206319880662,val
0.904401896660923,0.18490027436679835,5.162590378566638e-06,val
0.17058371623288165,0.9971064219366806,159.92385421630647,val
0.8335539233717372,0.3133106924270884,0.009117955308516572,val
0.18461152123461383,0.9954476931612283,0.0415168708645215,val
0.1542641779080443,0.9984544375811567,31.464064039336233,val
0.26269203126770707,0.9756183484336984,0.17572301572216742,val
0.43974998962768486,0.8578279605735959,0.0019202674027695437,val
0.40071971527894223,0.8920547940518568,1.0590865945967871,val
0.9409196627016382,0.11578655345170474,4.403485875197849e-05,val
0.3821182363932922,0.90680985010074,4.90221195617597,val
0.7205800983786602,0.501201047183607,0.10360253338571442,val
0.16393243658805054,0.9977259713673986,13.344661061987763,val
0.9897803205514681,0.02036949266946564,0.0010637595020233479,val
0.6996281616078901,0.5335709102098594,6.055988647767857e-06,val
0.3307932363996596,0.9420272834412827,0.01581836172652335,val
0.23548223245254446,0.9847282702488733,25.68367363768212,val
0.14487444320448953,0.9989877111587986,13.153542544309358,val
0.1861655276486615,0.9952326056847786,168.74460632564998,val
0.8754918359684181,0.23822588603861272,9.196624550278917e-07,val
0.24143978217055378,0.9829425942169476,3.587198321888062,val
0.19252069159362373,0.9942844155135196,121.26144714234309,val
0.16540598462807446,0.9975974029162058,12.881697678190166,val
0.19144139315555644,0.9944533299815614,2.5352273324858934,val
0.12466357057584983,0.9996708342575604,1387.940702304512,val
0.172034910716926,0.9969575389537385,322.0055860454135,val
0.5540362292956776,0.7342883407923697,1.1823598924118608,val
0.46198879657378633,0.8364259999710091,0.6807245518487899,val
0.21773672956140008,0.9893678415933673,4.69546063970964,val
0.6146329354735286,0.6561484193888013,0.17568209331751322,val
0.12417715605290437,0.9996810392093058,60.05723875828033,val
0.23811903078016647,0.9839522482352135,64.20882633325337,val
0.20612497517692654,0.9918682159937571,102.69413749837582,val
0.8563906347931455,0.27276376483787823,0.17551457034133475,val
0.15461561021128453,0.9984312974969022,0.0002901355008958222,test
0.37816671933467244,0.909810820315078,0.00024077887343563125,test
0.8213135346221069,0.3347025500718397,1.50197185146413e-05,test
0.1793942118236162,0.9961230420680376,0.003308139810935149,test
0.17601820895649756,0.9965226145459435,2.6662789427825406,test
0.7623439044632851,0.43429784700245366,3.326089706434624e-05,test
0.47213545780222954,0.8262196528031965,1.4967495031119524,test
0.19786886032068943,0.9933987112757001,2.4331756531689424,test
0.26568464717666634,0.9744662794249649,2.233255799634722,test
0.29246370348980977,0.9628249632066163,1.7963607502887649,test
0.9084958987613002,0.17724830686681747,0.009810648185611831,test
0.9057514748854697,0.1823805440086066,2.320062739157058e-06,test
0.3760050357387934,0.9114324810283794,1.4503887643129467,test
0.5368283143727416,0.754960157767035,1.611920968618064,test
0.14972844567317228,0.9987319674523882,2.8972052531023422,test
0.3255118190670962,0.9451782319305582,0.000590598912130304,test
0.3362796063645121,0.9386588755166925,1.955125125664263,test
0.36788074424578887,0.9173997143052849,0.22721584426932567,test
0.591651412879013,0.686736994827817,8.76355503817756e-06,test
0.531295878049717,0.7614575897378824,1.1377709926378916,test
0.3830815651983219,0.9060711019671941,3.167669131911176e-05,test
0.22923933454380727,0.9864755487813494,2.2235661979003667,test
0.19689922047164093,0.9935653667880109,2.0607305135695198,test
0.4698508158872793,0.8285414896562413,1.726973842474258,test
0.8974744791347655,0.1977917899064091,0.008383776521663371,test
0.17490446352900968,0.996648150817253,2.2547261960499605,test
0.8760218990975024,0.2372594824835973,1.1425294108688225e-06,test
0.19286604594871107,0.9942296757713122,2.5881606327048,test
0.8946573460479276,0.20301396443225095,0.0009071253249976927,test
0.1440184817836481,0.9990286352790199,0.017775673264373314,test
0.20127617519093005,0.9927914217842577,2.5973841080036433,test
0.1241776616836145,0.9996810287266549,1.7323181682223647,test
0.7300843689347316,0.48625069845487345,0.0027498279623122557,test
0.6010376331346594,0.6743814393948335,1.2969494507611128,test
0.5251276822745689,0.7686151285497946,1.6110818746002513,test
0.32272095404254597,0.9468068178571132,1.699923854711791,test
0.465541593819561,0.8328833572675812,1.705632111501223,test
0.2520076059121063,0.9794878801860162,1.523803552919961e-05,test
0.16193373947988496,0.9978927089834411,2.7176910085970256,test
0.20530845756098404,0.9920285863108881,2.2268853035518745,test
0.2880324714353992,0.9649165982927688,0.4822466114469287,test
0.12405646461261605,0.9996835339408372,1.5950528298176263,test
0.37752461655197234,0.9102939973924962,0.002006186768937019,test
0.2796274951818105,0.9687040327113214,2.2731515289590387,test
0.40291139556690087,0.8902488897890322,0.0016006469469041875,test
0.26362288566728137,0.9752632019166584,2.1167042847192787,test
0.2576021285622169,0.9775091574620294,2.3500478952941335,test
0.14536225754647047,0.9989638431156372,0.2554884371147758,test
0.17840030631683929,0.9962436817186197,2.721860322589223,test
0.27625406448096207,0.9701577996428035,4.011177262468244e-05,test
0.1959181475287477,0.9937312325572659,2.6219332007606626,test
0.23153480411927158,0.9858477470442578,2.227041194617933,test
0.16443830301240275,0.9976823789504025,2.062319359641382,test
0.43523790408909196,0.8620049384792334,0.28241551531568554,test
0.12058138636179655,0.9997492551021689,3.059665310010708,test
0.28943049703123447,0.9642637623189934,2.221887668010652,test
0.3015519503334923,0.9583309287507493,0.3139094381015578,test
0.916674775723421,0.16188792911998307,0.03346116783179746,test
0.17016691621325467,0.9971482557295445,1.785505003695318,test
0.3442488779921174,0.9335945031703979,2.0636753991965864,test
0.8883595246872937,0.21464556684188185,1.003258514948236,test
0.3499771314706057,0.9298296776201573,0.13701490452756934,test
0.7560717553075729,0.44454290445841216,0.015476403621157203,test
0.1309882674158933,0.9995146139263754,0.0004765991633469463,test
0.3691348661542647,0.9164917700206506,1.6571676356814808,test
0.172936991298031,0.996862440691516,2.6881954017121688,test
0.38193523520985145,0.9069498720050336,1.773451006712238,test
0.2812298592689503,0.968000176573506,2.060807454620929,test
0.21008536818075166,0.9910618293879242,2.316175940320134,test
0.8834772991093875,0.22362177136882633,0.0009343169557161811,test
0.1611402920824602,0.9979564995669186,2.8198160003473722,test
0.9107520999393262,0.17302080025227506,0.004525030594006966,test
0.14483513430604386,0.9989896171625613,0.14443228615351375,test
0.27016687608273543,0.9726847736968731,2.0794515069037156,test
0.26291838971002474,0.9755322527069934,1.9191383132137996,test
0.17854154888497417,0.99622669166857,0.19818561714292277,test
0.4480813455479891,0.8499677508259729,1.7971186285900251,test
0.20897794561468191,0.9912921030467687,1.1006034339017536,test
0.22798465800083506,0.9868115256075641,2.3072838314509543,test
0.24725807084596427,0.9810861945627964,0.013576248338215488,test
0.16479851869294151,0.9976509913385893,2.497829304538195,test
0.4041514318660908,0.8892208955293224,1.8103600894740046,test
0.1440184817836481,0.9990286352790199,2.7376022450071336,test
0.2598817644648404,0.9766729961027041,1.8318484256575337e-05,test
0.1954524585890971,0.9938089988519092,2.615898836229791,test
0.2782296217145324,0.9693110564846183,2.277864987064131,test
0.1881789556749413,0.9949442225371106,2.4293100216304344,test
0.2284862161588856,0.9866778255057967,2.115235053642782e-05,test
0.4309815473227593,0.8658932355830211,1.0844803232242457,test
0.3024371796415011,0.9578785611728817,0.1704246669631912,test
0.8052692351267924,0.36237448256839166,0.005672836399124987,test
0.6304103933695104,0.634498446048726,0.391905788101346,test
0.47348614920508364,0.824840516337845,1.6368590967441332,test
0.2387831316121862,0.9837532212829418,2.2529424545359498,test
0.8756452330449558,0.23794625860020246,0.09685271972831139,test
0.29353083727232193,0.9623114887429849,1.4970352766927242,test
0.362097852654975,0.9215236037115537,2.0165833722115496e-05,test
0.8059807604588214,0.36115623902546534,0.0015238305657980795,test
0.240887102567904,0.9831131404447889,2.344137555843591,test
0.3300656548796377,0.9424667164788547,0.015698213153209958,test
0.8413028094687248,0.2996446032596167,0.0008419883036476118,test
0.22605131753839935,0.9873193480872773,2.4206270654540423,test
0.172936991298031,0.996862440691516,2.6231428533535968,test
0.15762321837256535,0.9982232525899766,2.833554944669986,test
0.21332827759196232,0.9903659381974178,2.544659779559105,test
0.2760499572521456,0.9702445383106257,0.0386620068349166,test
0.2042042461332444,0.9922422881628837,2.462378801335249,test
0.20968759681425775,0.991144970340467,2.5158744018214794,test
0.5392199701134892,0.7521287739649805,9.315811919976657e-05,test
0.19842288739533684,0.9933022683021435,2.5545468555813478,test
0.8828881316781166,0.22470255789528526,0.10417197416415258,test
0.2374832698307671,0.9841414313072551,0.00010630517922976675,test
0.2472705847600132,0.9810820814938245,1.6897715918511886,test
0.1967355924524869,0.9935932228284523,2.322366667467246,test
0.15235511806290666,0.9985759722993521,2.3144924345113673,test
0.3940124001422711,0.8974937116511621,0.0406899679065713,test
0.8353781354168301,0.31010206596163636,0.02295195521503761,test
0.27293185112802454,0.971552308634069,1.821144003765534,test
0.23111781418838837,0.9859630560075885,2.4646945334599617,test
0.14139504331746805,0.9991466566157835,2.9439067953548554,test
0.839819924979233,0.3022672201558335,0.0033071991832558873,test
0.5340061475518503,0.7582837119023422,1.43388411712317,test
0.2169266507207721,0.9895557827100833,2.4883501483708406,test
0.10453261248288637,0.999929909408287,3.0002265167661766,test
0.37424228717398483,0.9127443452274893,0.025713381742236294,test
0.4447983778593926,0.8530878141115095,1.3582752183432572,test
0.15992470115674357,0.9980516251607421,2.3414938158116363,test
0.1687598547597593,0.9972864582322165,2.5399896418001204,test
0.14823273021786204,0.9988151693010243,2.9020510513451088,test
0.30729732786429176,0.9553488165812939,0.03079941894288856,test
0.3287954855553208,0.9432297602356284,1.369748242717948,test
0.14101809846775562,0.9991627191149536,2.7489473932490025,test
0.11332597466731091,0.9998526650891014,2.586887185059471,test
0.30044460598194866,0.9588931504446995,1.9378686979412019,test
0.2091326012144357,0.9912601686602802,0.01379789752928562,test
0.2958131165598623,0.9612006155291238,1.6388532576858859,test
0.1241776616836145,0.9996810287266549,2.41116214414796,test
0.16702060035851787,0.9974509214216792,0.016339863755032935,test
0.13387752281265902,0.999427350289714,3.0056179815780535,test
0.19158599244187832,0.9944308888091808,2.3006122181581596,test
0.27096946135018646,0.9723586880791929,0.014355971617262639,test
0.25357973925208316,0.9789423460531755,0.36135263197775763,test
0.168608752445847,0.9973010241295194,2.7791251531803445,test
0.17566027203599735,0.9965632958315498,2.734861522275296,test
0.45983590098591315,0.8385563546283067,1.775567552545304,test
0.7101500639982133,0.5174169849544025,0.03137782385446923,test
0.2675535183723208,0.9737316413551895,2.1716478682067613,test
0.7024447747061915,0.5292669846480167,0.040805225821204105,test
0.19563049213770822,0.9937793419277217,2.558473681801437,test
0.21129773762204168,0.9908054434022271,2.3394712824680517,test
0.19883202816570703,0.9932304750617496,2.611011635444277,test
0.42155166845525005,0.8743263606797506,0.03570850549476608,test
0.14612481482839573,0.9989257288861806,2.922474602815923,test
0.23276495325466898,0.9855043009090201,1.454737492903744,test
0.43062367320830414,0.8662178540803895,0.023845010851065444,test
0.48798569628842786,0.8097363184776032,1.7149237930712116,test
0.17355854403039503,0.9967957672444318,2.5937499565734137,test
0.17864280235533472,0.9962144805915835,0.11504083905355857,test
0.8881750030373319,0.21498546975146782,0.000919319013887994,test
0.2448441544050507,0.9818699274472433,0.08446353260468331,test
0.18390483591627713,0.9955433661591658,1.9253522778631509,test
0.2582788729746609,0.9772627380082246,1.732860729123041,test
0.1396703823444981,0.9992183611459894,1.320083237914299,test
0.5071349664807284,0.7889644784366496,0.05986646466126835,test
0.8888645154374727,0.2137150744774846,0.03797854705462309,test
0.8973123985835256,0.19809256152254007,0.006807802979292593,test
0.153744714124729,0.9984882018127759,0.37438333495825626,test
0.2555958422686682,0.9782307323541305,2.2670022599687956,test
0.19278479717690097,0.9942425841452293,2.619704415053258,test
0.2206610220744621,0.9886722815044732,1.0405528342220447e-05,test
0.1490335709696233,0.9987711198096556,2.850975911569098,test
0.2134694312705196,0.9903349139881954,0.2732040192195421,test
0.2539996059862619,0.9787952619899866,2.1065709314590393,test
0.31512705008983516,0.9511098315897529,1.983048440958067,test
0.28570914669584807,0.9659871095865409,2.158882185581226,test
0.39647016455351725,0.8955161370067188,0.16820834593914602,test
0.2029090350656014,0.992488325409872,2.4493672974691862,test
0.4752933411670151,0.8229877842543967,0.008219563907414499,test
0.16708932314377742,0.9974445551746524,2.78208429148577,test
0.826608790438703,0.32547787940215345,2.1459312182542158e-06,test
0.364803689867783,0.9196068817328237,1.445076898872325,test
0.2567228130312779,0.977827059143704,2.2326206713028776,test
0.15618406283624575,0.998325059745405,2.799595537908152,test
0.18687452712377287,0.9951323120839831,2.6772861694544905,test
0.2959895551134708,0.9611140155298267,0.00024433751940613156,test
0.38708391480049475,0.9029719324972404,1.387959887374918,test
0.5530886126597775,0.7354447180454318,1.449685901017447,test
0.12804932474612493,0.9995928426854028,2.6845545151438928,test
0.3530678109664621,0.9277553811815203,2.034831442591587,test
0.2298277937365496,0.9863162269806443,2.4358482903794787,test
0.49806658397158166,0.798916669200376,1.6957111338205524,test
0.16487420616343398,0.9976443594924806,2.8014952065460825,test
0.4512978124035517,0.8468823640428542,0.034079396309197464,test
0.20922524563413392,0.9912410039646126,0.13392267906839667,test
0.22604679183629664,0.9873205227990938,2.2591825335291786,test
0.3091774266828882,0.9543493176989059,2.318514142700816e-05,test
0.368435126068414,0.9169989558870326,0.050375197555661784,test
0.1509032423510054,0.9986637766131831,2.7328563198083833,test
0.563791457961056,0.7222636495985093,1.4170417316185935,test
0.11599484253302084,0.9998194524612919,1.6302874587986893,test
0.9166041812408735,0.16202092671419577,1.046694204938002,test
0.11584420905045628,0.9998214678553302,1.9094481492244748,test
0.1476463424072517,0.9988467024601664,2.5703615177283328,test
0.5048831936761334,0.7914549202164426,1.6640969524438087,test
0.16565989943806347,0.9975747580802139,1.1276311452699463,test
0.33359442585018956,0.9403195502099294,2.0885166133047517,test
0.5313403987266,0.7614055955938034,1.0692159154934238,test
0.2838104181969866,0.9668486090873346,2.2365111201768206,test
0.2796274951818105,0.9687040327113214,2.0816600164134273e-05,test
0.22070606472630172,0.9886613574962421,2.507826267290612,test
0.6935415080594324,0.5428204939416277,1.3436173190545502,test
0.19518664952535256,0.9938531089633609,1.1417078224826656,test
0.7628576793990621,0.4334555988850226,0.05853306883205508,test
0.1660506179478619,0.9975396287805454,2.780915973000887,test
