p_pred,theta_pred,m_pred,set
0.7939912824021141,0.23068279713770032,0.11678251004400544,train
0.40768813087773187,0.8972527819728252,1.492608217203224,train
0.6887744787195161,0.37284137835598574,0.013734063187401741,train
0.20530886600745318,1.5832397702713423,2.461733100454852,train
0.5721059628580552,0.558431055007111,0.40108650638168675,train
0.2535821535630812,1.3720674312806451,2.0205807658512493,train
0.27174857051739326,1.302878013280235,1.779916548842984,train
0.15649859669057647,1.8547082358755087,2.8022407574830828,train
0.5939541362635182,0.5209531742780459,1.435998679530789,train
0.2540251089421593,1.370322162746356,2.1494839697776715,train
0.23261200522013212,1.458383427073286,2.440149927712266,train
0.5645763832330769,0.5716795932386817,0.0210585093615646,train
0.2525784357764679,1.3760334417658382,1.8033091366931404,train
0.47873230935263833,0.7366136909138502,1.102095324459529,train
0.4158147247272204,0.8775154911808721,0.05573655589614374,train
0.8144815287055422,0.20520352927509883,0.007558920229747629,train
0.6379073377365838,0.44956224484289453,0.07832466095932901,train
0.8901476686480246,0.11636791018988289,0.004286552738810526,train
0.45794318794794303,0.7810101463438021,0.29372043691807276,train
0.6739055785639722,0.3946652690348885,1.1824133266002146,train
0.640437763580175,0.4456033308596033,0.4244220409431979,train
0.31836722590937505,1.1445497640116578,0.4949273509436976,train
0.0828648291354189,2.490544563371962,2.956955653562155,train
0.4728968273016701,0.7488780383806741,0.09892008799580773,train
0.8091650731017326,0.21175233687694386,1.1687450021529626,train
0.6459574591812821,0.4370216300284709,0.028723333083136557,train
0.19476602284057745,1.6359563237230232,2.092753732547668,train
0.616025867540926,0.484466323569045,1.1467135317767665,train
0.9741816003101121,0.026157544761868115,0.000963544803344702,train
0.559466974441381,0.5807707798867358,0.021393394219096758,train
0.25110147056330095,1.3818981563510755,2.3665119927781633,train
0.5970849263930694,0.5156959204420827,1.0370785059478935,train
0.6452995108153334,0.4380407121138778,0.016135759516161724,train
0.6746542781480298,0.3935548998402916,0.03544407573087151,train
0.8156951339472204,0.20371460418656706,0.1291476098350581,train
0.45103805348695775,0.7962035672363295,1.7874960811175207,train
0.2868355304352371,1.248846292172427,1.987638117145706,train
0.7832367021981305,0.2443203270173801,1.083054640964745,train
0.2961696578168363,1.216822820556165,1.32526622185159,train
0.2973372380937998,1.2128883025540036,2.0004837981887866,train
0.9162570153532966,0.0874583692176306,0.0032216348260444266,train
0.33190627595564093,1.102902651258603,1.8908801898375796,train
0.24543172096509405,1.4047364927725285,2.154174255907059,train
0.6189253909705005,0.4797705451121319,0.017672928394049884,train
0.33209222572167507,1.1023425603233812,0.040606121682095944,train
0.27212888154528125,1.3014794956971594,2.1091585405909443,train
0.1532012872325164,1.8760026194099244,1.823973611854264,train
0.6960242332178528,0.3623708014121018,1.2265951641148896,train
0.6138296818658395,0.4880377804130026,1.4032664730860591,train
0.48428664896150014,0.7250782976558195,0.02670913620083938,train
0.5520710699640925,0.5940784910576531,0.0806299476185625,train
0.8197899454392131,0.19870713563798573,0.06054970608433531,train
0.5422303461063752,0.6120643750101682,1.1429781594806243,train
0.4482601839287512,0.8023814474493386,1.6775296913735498,train
0.8004697285617974,0.22255656292336182,0.008198140215654877,train
0.8182362773811692,0.2006041364336012,0.04383955728376893,train
0.3926885899666651,0.9347383731636412,1.559226115329041,train
0.3848053810190033,0.9550175763512412,0.5003114875947262,train
0.87574692770628,0.132678125096501,0.005179913199374834,train
0.26095559329594203,1.3434050267635769,1.9741115107318083,train
0.18136725594947584,1.707231265039537,2.549715325350622,train
0.5432305882889505,0.6102213930400254,0.02247824318017108,train
0.6178035434385715,0.4815847629385595,0.01773975730229428,train
0.6817299710248577,0.3831216364560891,0.2249283584255544,train
0.73620423330493,0.3062477078433032,0.01128100477758935,train
0.9492263317396785,0.05210801382376165,0.00803281408579977,train
0.891885968370691,0.11441699272356992,0.004214688333969267,train
0.5053960225058868,0.6824129540513213,1.5598769480174277,train
0.6098053953484468,0.4946153967327078,0.0258856667843578,train
0.18855240813115817,1.668379283515479,2.3754068474967003,train
0.17575923946923575,1.7386401780132568,2.4302601112875424,train
0.7074385283492601,0.346104538964955,1.2200184204694686,train
0.44589698050595256,0.8076673390559745,1.6988286039485139,train
0.16118199949564008,1.8252211208044842,1.9009437651462184,train
0.3360118862063519,1.0906087440304926,1.203461590742272,train
0.3851796662275921,0.9540453880226318,0.07263102277867078,train
0.4043364846164396,0.9055078649613668,0.2606608362634541,train
0.23409553776443953,1.452025965903849,1.3304372917343685,train
0.33043250256717643,1.1073528687863206,1.088746401327194,train
0.5277368218133496,0.6391575630754714,1.620563649027303,train
0.11757158936182194,2.1407078597638023,2.721767331206443,train
0.9518543357646164,0.04934326454840252,0.00493789198219631,train
0.46362709642143013,0.7686747213784962,0.3035749068964179,train
0.21695289589430236,1.5280750186162053,2.0587123315939833,train
0.7350806964130921,0.30777499475767467,0.011337264238595952,train
0.2919132001381974,1.2312987807050013,1.7613005320826356,train
0.7611294046806152,0.27295189000413606,0.0100545130504755,train
0.6628074700976576,0.4112707229777648,0.015149654583435089,train
0.540435214944466,0.6153805104291574,0.022668285510037987,train
0.20030527342014737,1.607912709047607,2.524289256255403,train
0.2130028272107931,1.5464498400706927,2.3231898847139387,train
0.5618951255704583,0.5764400558073631,0.0722473698790006,train
0.6338134073157666,0.45600067809016304,1.2938128228940555,train
0.8404279199195948,0.17384408838370397,0.015541098188412322,train
0.20364620050851293,1.5913711020295325,1.2014858838716818,train
0.774422427205314,0.25563778268846055,0.02270755350826746,train
0.9721579065266334,0.028237032441812925,0.006952418977920412,train
0.2535821535630812,1.3720674312806451,0.08065488995575726,train
0.41967683938882766,0.8682702938945344,1.0717516801270546,train
0.961080080683497,0.039697542907684624,0.008156650717847196,train
0.367137070551669,1.002020011415707,1.5208647090620409,train
0.4337864518871941,0.835202912319129,1.106438575952324,train
0.05823130289331738,2.843332218433787,2.631302042709549,train
0.7937132053892153,0.23103308526484295,0.01891373942453992,train
0.30116372711921185,1.2001012181994821,0.1764012163026426,train
0.5094633869925737,0.6743972895637282,0.024842239960386658,train
0.22000652695636333,1.5140980650863918,2.0719858833332196,train
0.6078155217786116,0.49788386118384675,0.354422326184993,train
0.19744236033195636,1.622308583656889,1.450328482493972,train
0.6585260217084081,0.41775124193809304,0.015388372338639081,train
0.1911826368432425,1.6545260939777666,1.1665932252987485,train
0.7891772527176019,0.23676432846549295,0.008721500446130978,train
0.2558251294677094,1.3632611559302534,2.3424070157363706,train
0.3993788428019057,0.9178448318574288,0.10127388516371956,train
0.7138510283570936,0.3370809821692616,0.014952552079745574,train
0.7455104603834454,0.29368611350965873,0.06666061331250925,train
0.10686566566062604,2.2361826943874155,1.3791224827736428,train
0.7852885218354075,0.2417040849880104,0.04420101691632521,train
0.7135526280480999,0.33749908438162673,0.04115873992891917,train
0.7938978472022136,0.23080048192849134,0.011352420739337628,train
0.6973239603031302,0.36050518380366897,0.013279644538321877,train
0.37392263630665723,0.9837063577600431,0.09106310394519196,train
0.1279048074273929,2.0564689837120715,1.2910990932289594,train
0.7068274077282571,0.3469687620837473,0.012781014069642471,train
0.45441695744577504,0.7887400939489385,1.1995775626829779,train
0.971926577635899,0.02847501478641848,0.0010489116150768879,train
0.8689913225041276,0.14042213937750195,0.005172619368656463,train
0.19121519261134257,1.6543558222572123,2.3815638902134832,train
0.8162314930849867,0.20305727174502888,0.0074798602373605345,train
0.5172824994312915,0.6591661331436373,0.024281181888953934,train
0.13840862872146342,1.9775448914886664,2.123005264889122,train
0.2856181315712561,1.253099564638098,1.438353974082973,train
0.9729011762640813,0.0274727679727252,0.001972217623775031,train
0.9527918377685358,0.048358827551484976,0.004901231330919582,train
0.7689564265952353,0.2627209735067904,1.1878680016556638,train
0.48411888795506797,0.725424766158353,0.09676585879176433,train
0.20408548216021224,1.5892163427094372,2.3228739894972783,train
0.6441646391304,0.43980093472728427,0.1879256563713238,train
0.8316382383116666,0.18435774243964057,0.04918714232506319,train
0.4768048461808671,0.7406479993127104,0.027282664995598217,train
0.6978050552343117,0.3598155057238738,0.02520441498851388,train
0.4096956159976678,0.8923407950048252,1.4761198588486253,train
0.5524473923528183,0.5933970675846618,0.0218584988001126,train
0.8602999346618249,0.15047418930296622,0.006360785404309179,train
0.28679446690849647,1.2489894629515037,1.835297017456634,train
0.8360629068414012,0.1790514213104364,0.061482049154099244,train
0.26019459358557545,1.3463254910382148,2.241273908453929,train
0.3288405135791009,1.112182406909189,1.9037579739356423,train
0.8728335564984238,0.13601039825180966,0.005010107547533261,train
0.3961774324480362,0.9258931063398775,1.7574325066003762,train
0.668666141502947,0.40247038451808564,0.014825483470752542,train
0.5508956154597328,0.5962099334029313,0.025105381122141068,train
0.3017917827057496,1.1980179606342107,0.11598549578610652,train
0.8482414800399762,0.1645899195297775,0.026884769834993365,train
0.5340599696223756,0.6272471436637896,0.24713063209473968,train
0.30039045210828236,1.202672143524433,1.952351287459248,train
0.4289131251805922,0.8465008859676534,1.5400305071461944,train
0.5797489495261682,0.5451601147909265,0.2374098289864584,train
0.7252585781793914,0.321227028157582,0.01183278616142547,train
0.5951990376758568,0.5188594122725981,0.4982387970300745,train
0.3248479682079519,1.1243979962297146,0.041418560343542084,train
0.3058899850330981,1.1845297677103634,1.671845018546959,train
0.7639834992744339,0.2692090878571853,0.019409650484769073,train
0.49058948956171466,0.7121475710282594,0.026232817243579315,train
0.6923272654422419,0.36769650821951094,0.1800102714876751,train
0.4898298442006593,0.7136972049183945,1.4732559930105167,train
0.5395869720521911,0.6169512986535083,1.4764019306932785,train
0.6985339109378238,0.3587715532347376,0.2199753851513481,train
0.7155938803229615,0.3346424791966588,0.012326960528741155,train
0.9519688218001847,0.04922299493696161,0.03693010269509783,train
0.9336000328788403,0.0687071627925246,0.002530911454572144,train
0.47793434110127764,0.7382819176384734,0.05630068057382655,train
0.33853750496835217,1.0831203952242638,1.2300043605713957,train
0.37262742493909246,0.9871762192852714,1.3355902190629538,train
0.6940757685561424,0.365174147840798,0.04019446120172377,train
0.6239945027641918,0.4716137203242844,0.08219821430814062,train
0.2821522679546796,1.2653083964824066,2.2542788655624935,train
0.23625849056202614,1.4428287743671881,1.348669426244018,train
0.8324255754424754,0.18341145999175254,0.006756182996446357,train
0.5015881529685116,0.6899759084261755,1.4461652350732084,train
0.22372837014254238,1.4973225962539947,1.3172903375881526,train
0.6895358784059957,0.37173654770591685,0.0290516693764298,train
0.7990692358840344,0.22430768379852412,0.04484917305531562,train
0.714004570798427,0.3368659149845741,0.022307572735188592,train
0.3155391905250262,1.1534723875201744,0.06691887535660572,train
0.3544197706137062,1.037273275651145,0.4182374156615495,train
0.43714423640853683,0.8274920779130741,0.047598647822680216,train
0.06632731696582377,2.71315344604684,2.0187980550253366,train
0.2752482545895713,1.2900818445817552,0.047521725320649785,train
0.8125328167724779,0.20759897572007452,1.088156931526438,train
0.1472026519740806,1.9159450567213847,2.7624315216815805,train
0.6706336902756131,0.3995322072086451,0.09114947453019889,train
0.5915697020049254,0.5249757631065074,0.4589558439924812,train
0.9319711292318033,0.0704534419954451,0.024666155071547697,train
0.46834950663407415,0.7585404527404398,1.290032164700145,train
0.6196686055275092,0.47857045105659823,1.2330719614139707,train
0.23584630315126057,1.4445749439506708,0.05321266552183187,train
0.7986265853750251,0.22486179493087527,0.019680656564048674,train
0.07810925089594063,2.5496467797792306,3.5267687799281995,train
0.6299388171674148,0.4621325799198627,0.017023212610045538,train
0.41010644417564457,0.8913385330386119,1.6789557659838976,train
0.8776935517266578,0.1304577761962212,0.004805569997265973,train
0.6465868388017936,0.4360477683647184,0.1866352153496044,train
0.25843037994799206,1.3531289445262638,1.1871579638133356,train
0.4013658845671675,0.9128818373450337,0.7638665774257063,train
0.5811905833689923,0.5426765494664856,1.1476320384786183,train
0.5231873029323031,0.6478157472293741,0.02386307669356158,train
0.8284301490888145,0.18822275576177097,0.006933412896223259,train
0.3073933446637586,1.1796270985226898,1.6732750004989527,train
0.7075815599077645,0.34590237708728483,0.012741732488322029,train
0.18373242557515576,1.6942747885916907,1.6093303321964005,train
0.7352462753100538,0.30754976744314394,0.011328967718014112,train
0.2853726490709163,1.253959412200569,1.5065822527785497,train
0.6687866175436481,0.4022902270654771,0.014818847153054338,train
0.24921189937472202,1.3894517429090008,1.9321068505575127,train
0.8949799590166343,0.11095395311817494,0.004556802999861107,train
0.9195949289433138,0.08382200052402415,0.004062645127613843,train
0.7433268179233319,0.29661946836005865,0.16823023952628213,train
0.12255329565142332,2.099209277069131,2.760650351983561,train
0.834533627760638,0.18088223979503584,0.009510750439274405,train
0.5960522503877344,0.5174269473236441,0.06454768070771351,train
0.4830593960870307,0.7276156596250826,1.602856805141786,train
0.23806040561343225,1.4352308324152727,2.1429906056795427,train
0.8270136931552552,0.1899340264712712,0.006996449622883428,train
0.7352551860046512,0.30753764818337864,0.11299378040895798,train
0.2511630557678709,1.3816529261918666,2.3122537790026967,train
0.44011872857801276,0.8207107507921667,1.415382310944952,train
0.6912755285174758,0.36921679587999945,0.025505689025331475,train
0.45705611454122347,0.7829491066954088,1.6635122123738135,train
0.797082712734802,0.22679682548284893,0.030765804377921424,train
0.35805982995747554,1.0270551837586492,1.8617388951926834,train
0.7245235232051688,0.32224104955639093,0.011870138866283573,train
0.24925863063382978,1.389264244325107,1.4078969931291865,train
0.1422298879814871,1.950310600987408,2.042189688573345,train
0.9520785569539427,0.04910772978641552,0.03569469460096422,train
0.759754784641424,0.27475954955264753,0.03633699453177246,train
0.7728430383749498,0.25767930615556933,0.009491928949601285,train
0.38574212548497055,0.9525862014664205,1.5943833230654105,train
0.1534915910873293,1.8741094946454666,0.1199731912313769,train
0.24994362942591092,1.386519868841202,1.5127469366653434,train
0.41420751682494317,0.8813881823703947,1.0819600170571664,train
0.1284330768900896,2.0523473127232976,2.992759315017968,train
0.3478080402668003,1.0561045598282963,1.714174397653119,train
0.9042489592040224,0.10065055915526738,0.0061344252864112755,train
0.7574333228907303,0.2778197680593227,0.03140449871203537,train
0.34592070038254485,1.0615457198381975,1.1767495384216096,train
0.8182797460264205,0.20055101303653108,0.007387539166082815,train
0.591731880322464,0.524701651551218,0.36914645870078067,train
0.16021049826130487,1.831266714277137,1.0908575009611494,train
0.19007723086388276,1.6603248111805853,1.58339028253056,train
0.2101322768598984,1.5600180567529482,2.4980068698563724,train
0.6049019477400414,0.5026889039372044,0.1675713601581556,train
0.21623261637196003,1.5314005231205938,2.295331058986917,train
0.47948547325217455,0.7350416807334685,0.027076149468927,train
0.10774087985441012,2.2280261953030043,1.9571651237934389,train
0.8571217511628325,0.15417530377378733,0.010006850412577551,train
0.3100172543756102,1.1711273237757034,1.4604986796516304,train
0.6907504234385159,0.3699767021661087,1.1698664775466776,train
0.6854970210464666,0.37761112565446703,0.3505540958361964,train
0.4115874234969766,0.887733830647038,1.5190954532474743,train
0.5269121901645929,0.6407213664023468,1.1499516967613757,train
0.5301202769373407,0.6346513605647917,0.19103789619024292,train
0.2328906673993954,1.4571861741725383,1.9633293874836952,train
0.46939791880212195,0.756304429315729,0.42878222618449485,train
0.24275528205219374,1.4157014128210925,1.358784654744941,train
0.5293583625295033,0.6360896425854006,0.08605184413973961,train
0.378911530670738,0.9704525294577375,1.5831825153605137,train
0.5502210643117408,0.597435146397644,1.5427330799495353,train
0.15386194420964883,1.8716995448057279,1.954329371714951,train
0.38863485094919503,0.9451150627116909,0.04184794666727687,train
0.2875466271073398,1.2463702506517669,1.6046759258869079,train
0.5984018593325086,0.513492745153387,0.31126969372308577,train
0.3571104364447034,1.0297101992565565,2.0019162394045313,train
0.2101322768598984,1.5600180567529482,2.1820086575679056,train
0.5327462206495156,0.6297101020698391,0.02319613335222379,train
0.15384707695140223,1.871796176735478,0.2015245383429298,train
0.5801758825213701,0.544423975684864,1.4343895173597818,train
0.12505763437206874,2.078980572965691,2.211585020377549,train
0.7780669767840108,0.2509426700978151,0.009243776811296008,train
0.886100621887838,0.12092476610333046,0.004454410038681942,train
0.790486136855378,0.23510715967123605,0.01154293368401903,train
0.22837198181473853,1.4767794802892458,0.3327208629022489,train
0.2967960508149875,1.214710073656858,1.639108188598913,train
0.6059709985738967,0.5009231511967963,1.3712126271655927,train
0.811775202140381,0.20853182180371796,1.1745191017287706,train
0.08448705539654533,2.4711569469273114,3.193770171666322,train
0.2687952638738083,1.3138052900054502,1.7457693141155994,train
0.36429610834619086,1.009788257576995,0.037196771980113286,train
0.08376558035871282,2.4797330914452806,3.1433536671287303,train
0.3345783473410615,1.0948842045942757,1.7214688716728055,train
0.772181810295019,0.2585352511209469,0.00952345871781335,train
0.3511157055940418,1.046639464270363,0.03855423075652486,train
0.3415365474998841,1.0743005852001128,1.2106775816526798,train
0.17555172076834147,1.7398215742605587,2.3512853204939557,train
0.3104528164065944,1.169723349198875,1.8819343253194314,train
0.24630460680454844,1.4011862699926076,2.191374757228868,train
0.9290879458438726,0.07355187743273223,0.01205651099029711,train
0.5096504660267932,0.6740301489625742,1.6660153662369794,train
0.4742131198949873,0.7460984383042402,0.17528397101515525,train
0.45542069082601666,0.7865336919840453,1.4827585440991697,train
0.6462038755476598,0.43664022816673437,0.03150628502286406,train
0.6497407076013526,0.4311819070613003,0.039388071830540154,train
0.6373965015600893,0.45036336562380147,0.12991522263118163,train
0.3773655093416451,0.9745410404157446,1.9384817052203445,train
0.701166480649291,0.35500992991665287,0.1278558842004012,train
0.5654370208560132,0.5701563585828281,0.16838784292759806,train
0.7369731558510006,0.30520381099617994,0.060710872254534316,train
0.5246431040774561,0.6450370493177269,1.3807681785049564,train
0.2620714779964607,1.3391379956483866,1.9550490267592597,train
0.1237338419869128,2.089622455861041,2.750504525614576,train
0.16563793714481187,1.7979509742291455,2.3685229601725055,train
0.522552016294668,0.649030747381146,0.04862163990380896,train
0.3218564040720181,1.1336497829899412,0.12175897620614494,train
0.7677459544239544,0.2642963890675282,0.009735677203161135,train
0.13351513033809911,2.013540471697946,1.8730796214098515,train
0.8924033614153745,0.1138370497170768,0.0055477217626064956,train
0.21131714769642776,1.554395204333296,0.9408225896398333,train
0.7251974681493588,0.3213112913522145,0.18499420448286472,train
0.6877350968762744,0.3743515488033328,0.013789692142640203,train
0.4139800263384197,0.8819375518800499,0.03248723657838752,train
0.6356892322012201,0.4530454636743123,0.026056547432037287,train
0.9767040403660217,0.023571599784910597,0.004686571662667737,train
0.9175907268888647,0.0860038190497049,0.004921810140381198,train
0.6016568516651224,0.5080680100382814,1.3384205779841658,train
0.8656496402599961,0.14427502472925613,1.0556847512839695,train
0.7339547552942812,0.309307893555969,0.011393730420135402,train
0.0676138161717121,2.693942935577874,3.668924617815889,train
0.12705721662020658,2.0631177694107126,1.7621589240717286,train
0.5270344809617258,0.6404893038112652,0.031181127511448786,train
0.6765033851361444,0.3908178274870741,1.234020778497367,train
0.6225710470226676,0.473897525392487,1.338055911842294,train
0.8582441835772766,0.15286662374009166,0.11430515734015899,train
0.1695378637422479,1.7746789921983088,2.2940908802750277,train
0.8084888463369803,0.2125883955617048,0.00783095071267841,train
0.7257480323093843,0.3205523873323522,0.011807934950534227,train
0.9090110000682297,0.0953980835926971,0.00598477354163114,train
0.46416872390218294,0.7675071637533879,0.11059412951803596,train
0.17203514843761752,1.7600564716640863,2.542758951398827,train
0.3005826903594821,1.2020323869557215,0.044278317038058915,train
0.8746246025479107,0.13396051034189246,0.011003112237116818,train
0.6394804639457778,0.4470992073809586,0.01646944014712989,train
0.33658598816183444,1.0889016256562485,0.2375032697758841,train
0.6077937544400347,0.49791967423497285,0.018341473519777364,train
0.1769757077722295,1.7317428000518504,2.540838463311343,train
0.8328803307860879,0.18286530765635822,0.006736064814507092,train
0.14626754420125476,1.9223178397143788,2.8497204212767744,train
0.9481273008812886,0.05326650211230356,0.001962136040286154,train
0.3839212916638886,0.9573177170288448,0.09096557086066874,train
0.23804710766676285,1.435286693523539,2.321665257303988,train
0.4438986701578298,0.812158962961391,0.02991685784638538,train
0.4782883276473775,0.7375415324251978,0.12444393425447166,train
0.811444892471843,0.20893880256275787,0.010268332598159664,train
0.8792435001721335,0.12869340012379896,0.00474057707032252,train
0.2578716926471757,1.3552931330838227,1.74269415544517,train
0.8189259796539003,0.19976157814645615,0.007358459376949873,train
0.5392558939984705,0.6175650637800756,1.5414061635788743,train
0.7173757974454724,0.3321554509383057,1.2029937122396424,train
0.6036027776422187,0.5048389503060913,1.1938466525560218,train
0.17013820008607478,1.7711442305071974,0.06524224023376118,train
0.8526827404493958,0.159367734497511,0.00888899119947752,train
0.6196968548225361,0.47852486434963326,1.4351996465166514,train
0.07200998120065624,2.6309505417871333,3.462975432970407,train
0.7123284766657002,0.33921613032481385,0.16000437589086242,train
0.928798313563695,0.07386366431533306,0.003112603144009832,train
0.9675636235302996,0.03297409548551225,0.012028038304720462,train
0.9333177295328207,0.06900958998439685,0.00576175350627372,train
0.5089623976044546,0.6753811402008737,0.024878481288742173,train
0.2556578131876017,1.3639153958750192,1.0961762068255,train
0.7288446247590755,0.3162947044511332,0.14868569503090354,train
0.7977280375224227,0.2259875447293336,0.012372531091291819,train
0.15408341605535303,1.8702611605176962,2.519740749763639,train
0.6989141944474586,0.35822729900797046,0.32651173864414385,train
0.2556578131876017,1.3639153958750192,1.5207500832417156,train
0.18090386990762744,1.7097894942855063,2.1545109536932476,train
0.19828110184574999,1.6180695488260897,0.4519749928402196,train
0.7523488470547879,0.2845551702370035,0.23785785060103135,train
0.79924775227951,0.22408430333327245,0.09378933710655389,train
0.7545013576042121,0.2816982014329601,0.010376694012121533,train
0.7772401563892624,0.2520058947882995,0.07302479696759047,train
0.5482258337956079,0.6010679714598194,0.022141065823629257,train
0.20773394054649227,1.5714971500564578,1.957847009424664,train
0.9453346847309612,0.05621625045309975,0.0020707935886464302,train
0.22931868824777887,1.4726425911406855,0.3920519102279027,train
0.28128992474890746,1.268369380875335,1.9839119598849975,train
0.5775511591975041,0.5489582531548312,0.020221541314214185,train
0.12129733593881056,2.1095104258552544,0.8426140845253094,train
0.6724465064136361,0.39683271503630413,0.014617813095661968,train
0.4683463231439044,0.7585472500167135,0.15825292045404216,train
0.9641191395202224,0.03654040329412368,0.0013460099572303286,train
0.2082611980892708,1.5689622270434305,1.7651915047814795,train
0.7153730257881667,0.33495115794472086,0.02880189335568708,train
0.3457480039480339,1.0620450815615727,1.7317492636627814,train
0.31265352796778906,1.1626596409519285,1.5643424640318977,train
0.11764146060688319,2.140113749469958,1.872840100627482,train
0.2648895437090458,1.3284423560802099,1.4416702782865731,train
0.2840326058532139,1.2586662380687168,2.09143155327049,train
0.22153888737078137,1.5071571411557525,1.2626679103632301,train
0.571136382566958,0.5601272492172714,1.196588317914481,train
0.6656419138569828,0.40700341991782424,0.014992463313186493,train
0.45326096175808195,0.7912872448451796,0.09177719308692193,train
0.43672438134915725,0.828452989160266,0.030517068011843083,train
0.7269300002538364,0.3189250918425232,0.011747991552673101,train
0.14498138400452248,1.9311499309794802,1.418928087283945,train
0.7656905300882727,0.266977198592311,0.010589763368224552,train
0.14569310536804037,1.9262528876416116,2.9221184417871218,train
0.8844196546466088,0.12282360653863272,0.018531513627235603,train
0.23869898263578612,1.4325520077503897,0.7230344835450199,train
0.5031265730432191,0.6869135042686683,0.025303289869553675,train
0.30959864222518624,1.1724785228537455,1.747864355374803,train
0.6719233520706597,0.3976110043829189,0.10060393087590762,train
0.5856885304955906,0.5349671486364637,0.019706162054637124,train
0.8117986069496056,0.20850299058077604,0.0076804598782071664,train
0.7835293971088542,0.243946697648889,0.08164753178794401,train
0.1653450882368464,1.7997205452459446,2.6289262768505126,train
0.26564659998385126,1.3255884250232879,2.2035065583479674,train
0.3009936240602718,1.2006661969816281,1.0816812129346154,train
0.3071793314009884,1.1803235605678015,1.6864622189966996,train
0.3377868351922498,1.0853402475636997,1.8878318658370157,train
0.738460395428227,0.3031878068465535,0.011168289622898474,train
0.7520919754422298,0.2848966547423599,1.1394311413251714,train
0.7600295581436918,0.27439795416371465,0.0809065858001207,train
0.2793897679479199,1.275147454347684,2.2434899824177967,train
0.6859414940298093,0.3769629405641133,0.04129267182373532,train
0.8434008054304541,0.17031298268975165,1.1701418415908054,train
0.20855773025525287,1.567539392350264,1.479567297198915,train
0.19337256781612355,1.6431365477187558,2.608681125677262,train
0.8058905572325255,0.21580733076644448,0.007949524084799778,train
0.22231247002131616,1.503671364122767,2.0696356514993073,train
0.5520155712274615,0.5941790243574997,1.38433981294919,train
0.3619561541281953,1.0162321956849607,1.149119273649598,train
0.3802001917176852,0.9670573446731084,0.057503141675616945,train
0.5631047635142746,0.574289587310933,1.1630299939722166,train
0.7324310395377523,0.31138608649850164,0.13624612971853456,train
0.41742764589507797,0.8736440529552918,0.35155663418762917,train
0.7437316825641914,0.2960749509107044,0.027774448192332435,train
0.39946574731031226,0.9176272563494386,0.4008786303153487,train
0.6144635207430104,0.48700571586671004,0.05358216005221638,train
0.2857402147745581,1.2526722209021022,0.7927498371422519,train
0.48764512029466367,0.7181673501872055,0.07467589768022062,train
0.4803584222740283,0.7332227406608068,1.438020773416978,train
0.5971773974648648,0.5155410615469593,1.141575494423496,train
0.47992390551815584,0.7341277178179448,1.0797314209869324,train
0.7384663124711744,0.3031797942039276,0.01816932480641251,train
0.420059298428086,0.8673593909370938,1.4253729941029225,train
0.4154489804386544,0.8783954629873981,0.26744388258415197,train
0.8422530274800648,0.17167480218716533,0.01692234028867442,train
0.4883610848018207,0.7167002188680744,0.09184715157842334,train
0.6268268772419451,0.46708488932715037,0.08113191058511761,train
0.7126341445969355,0.33878711144198487,0.012479633071142023,train
0.5535359791319379,0.5914285259976484,0.36040665276876227,train
0.6019503973602943,0.507580233479558,0.018697331905656655,train
0.4753807951253683,0.7436391221682747,0.25288008977748605,train
0.9605978008448802,0.04019947910976938,0.001480796441180051,train
0.8527244693826875,0.15931879728995207,0.03910027972701402,train
0.9084805371026994,0.09598181448744283,0.003535606243128375,train
0.5251049224469806,0.6441571840783568,1.355539737934262,train
0.18914349817132944,1.665249302422897,2.4656572190258927,train
0.28943129382269217,1.2398373371729376,1.5733882760981706,train
0.4681453046973126,0.7589765511310065,0.027957819373355345,train
0.8276455958457876,0.18917024056627893,0.006968314645142851,train
0.42463064352602,0.8565355619779451,1.300421384751914,train
0.12931805318804482,2.0454803804599586,3.0167498748605066,train
0.14037862316955826,1.9634120556097212,2.3421902108219865,train
0.4050120144048105,0.9038385471185383,1.441426284168962,train
0.3365984193203308,1.0888646932544885,1.948811360355416,train
0.18466561234925266,1.6892085902193368,2.16071490353191,train
0.7603148050226044,0.2740227143309894,0.010152462901678358,train
0.6818838111822595,0.38289600048780864,1.3696683550673556,train
0.3854884010002901,0.9532441746278059,1.8388402057786848,train
0.7161803740368361,0.3338232247019057,1.1754743856727892,train
0.2828043961807865,1.2629997998868159,0.04697185698485528,train
0.31351538195905876,1.1599068548526665,2.127510204867876,train
0.3962022071626354,0.9258305739037351,0.04292286077974995,train
0.5962064306928481,0.517168311662743,1.3493257100410254,train
0.8593899020494277,0.15153255771094015,0.07396564643760328,train
0.9155012335542925,0.08828356745800156,0.02054471681967719,train
0.06490752081764019,2.7347917788174585,3.2050584142329983,train
0.551423665299712,0.5952518627430281,0.026857661986791383,train
0.1801934300807613,1.7137243935138267,1.4691424412988117,train
0.1284947123284043,2.051867524688811,2.0315554980510395,train
0.9172691014653506,0.08635439125346457,0.0068773097357306785,train
0.37429186913421186,0.982719387165802,0.11599614459215511,train
0.23804146430230777,1.435310400727566,1.549644616943467,train
0.266175618628806,1.3235989676410065,1.347818371569131,train
0.6780717136749325,0.38850222425333913,1.1038332767620942,train
0.4035511440043358,0.9074520483642418,1.4929982091991723,train
0.3325863101366131,1.1008558732128857,1.9194590337597353,train
0.17654101646988288,1.7342020416753305,0.3570626405821897,train
0.7772401563892624,0.2520058947882995,1.0811569227793503,train
0.6959368205266585,0.3624963978734023,1.2556347294824228,train
0.3520282765504377,1.0440437755012126,1.6195943159181618,train
0.6804352794444479,0.385022568769305,0.014182772071517498,train
0.4198963317877026,0.8677474272489318,1.573345568995133,train
0.6775904646669879,0.389212207958496,0.14684604292909462,train
0.41422173348488617,0.8813538604052081,1.0946571338090936,train
0.4933233281156353,0.7065904819444304,0.026028115144923144,train
0.9492191265549587,0.05211560443921861,0.0019197413322897387,train
0.5258856599444992,0.6426714664055001,1.1753190384736059,train
0.844160570173115,0.16941255346095135,0.006240516340303424,train
0.655514701688972,0.4223345478239841,1.0484158889313029,train
0.7016687363662514,0.3542938718474957,1.2102928634345265,train
0.8545282207314321,0.1572057509549489,0.005790864003771449,train
0.5971320446294232,0.5156170097624969,0.01899337628189943,train
0.30287682201403876,1.1944290841341525,1.4092749619361156,train
0.7522330203101053,0.28470913559764444,0.010487605414319496,train
0.7795594625975286,0.24902631039495202,0.20876202902054566,train
0.7917744757299175,0.23347868058377236,0.16073477355835922,train
0.44970751689742894,0.7991578699850933,0.38763747562835804,train
0.701473109695521,0.35457271275377616,1.3480466406974045,train
0.3343858519817943,1.0954597073335104,0.25701605950959033,train
0.7440980861203085,0.2955824166554607,0.07092747212183448,train
0.25717867857050397,1.3579841883033519,1.8630375188073578,train
0.35508679757616846,1.0353930191774685,1.5007752949894981,train
0.9487231978269052,0.05263820065615238,0.010563596916535814,train
0.7882599971402756,0.23792729793485354,0.00876433983334612,train
0.378217558260371,0.9722856979751121,1.2607324263165953,train
0.6799433400617876,0.38574580772212297,0.020475486002088452,train
0.2414587116946714,1.421056786573487,2.167540663708832,train
0.729811451484586,0.31496906383873347,0.15421173831461604,train
0.5015021405624415,0.6901474032693329,1.0805437539841127,train
0.7936774453110542,0.2310781404352906,0.012494006856495928,train
0.29533489875887253,1.2196453165212704,2.03305598239065,train
0.309283929638593,1.173495557839147,1.278721478079907,train
0.33059822254118365,1.1068514700731158,0.052392393610415505,train
0.15397673167981815,1.870953780972397,2.7788310809030548,train
0.09985450030677437,2.304041149462211,2.4512146796146834,train
0.4805594127296301,0.7328044104951851,1.686084225022703,train
0.3175196824293103,1.14721547066747,1.9797690167592499,train
0.6526577059599954,0.4267024740309621,0.18507166979006104,train
0.25009352762859144,1.3859203205674149,1.1650458976431664,train
0.23760558192269862,1.4371431988289511,0.05293890820030168,train
0.33719062496419844,1.0871068558382122,1.3023301626523365,train
0.43736212174994143,0.8269937731406034,0.030463316024586518,train
0.4840954795531407,0.7254731199170193,1.239327169255644,train
0.48665808100954505,0.7201934948646911,0.026529198581020538,train
0.7355002708417444,0.30720437069904794,0.01131624461112867,train
0.37351939185169963,0.9847853564753654,1.5818491241828714,train
0.7031578818900005,0.3521738293281498,1.2576118228033326,train
0.29315527588169427,1.227052858525284,1.2952265760395023,train
0.7727757897268334,0.2577663245677887,0.09990038449570272,train
0.2817012182970313,1.266908279306069,1.7837848660680937,train
0.7938592821430598,0.23084905996155267,0.14844355612478624,train
0.9388801338113633,0.06306746094525711,0.0023231662148403987,train
0.34328965772013414,1.0691807050423914,1.7006805920215042,train
0.5914734829069933,0.525138426818824,0.06424146730126146,train
0.6226852705500069,0.4737140715508198,0.023462223967779066,train
0.7399412296480876,0.3011845153322849,0.06665473307965851,train
0.7433275229924605,0.2966185198287032,0.010926301988915449,train
0.6126340152887325,0.4899875600251872,0.40501570989743935,train
0.261198537384917,1.3424744811938658,2.0218410782630807,train
0.4384009608357743,0.8246213516632918,1.4422797259432838,train
0.25937143610553565,1.3494941284075805,1.1792641676743942,train
0.5918942690336869,0.5244272596541987,0.09022446315075784,train
0.7080231738966215,0.34527845433167764,0.01271874953887755,train
0.30932929981108664,1.1733488743528746,0.04322172515369999,train
0.46244180142162367,0.7712345647115723,0.02840935813176745,train
0.6297564017142043,0.462422198316045,0.13385955969511734,train
0.3543700892272445,1.0374134621559412,0.27218154427924746,train
0.9632699647995419,0.03742156919230452,0.0013784687690112586,train
0.07751083715350379,2.557337518159973,3.3634990401356135,train
0.29918651790656414,1.206688094369782,0.04444981565253328,train
0.7763918944806356,0.2530978676173115,0.00932316611900807,train
0.3122656583494338,1.1639009843981039,2.152602693680658,train
0.8682562865831241,0.14126834686228404,0.02843061390894948,train
0.6644922368932804,0.4087320835257019,0.022473558294038454,train
0.3809800513403486,0.9650082639129489,1.7653863188787955,train
0.7468106151917724,0.29194365317915216,0.14109958923352703,train
0.23617785842583808,1.4431701204009713,2.3769244404200767,train
0.1187025334784877,2.1311346340518442,1.3533852929730017,train
0.7905197575094459,0.23506462895810873,0.008658889958698112,train
0.09657177275987873,2.3374687879192533,3.1837358878963307,train
0.501783609275277,0.6895863094428423,1.5921865376020747,train
0.4487047064668621,0.8013902769380666,1.6630231811272873,train
0.6283012745336375,0.4647354910321808,0.39990689726563455,train
0.3343455766345734,1.095580160315219,1.1867828413176265,train
0.8628523748760892,0.1475116629297139,0.0054337705446981036,train
0.8342964656176801,0.18116646542770556,0.017657700397325872,train
0.13067940662101576,2.0350082329619354,2.9510820243908977,train
0.4361969397848188,0.8296614408632005,0.05494866260658557,train
0.41436269296077555,0.88101361872856,0.032453202383096624,train
0.46799279372926805,0.7593023811974254,0.4776699150733309,train
0.7087093958506273,0.3443097153864102,0.14135708718428466,train
0.4000881613565163,0.9160703527681234,1.713010733898999,train
0.376692369805213,0.9763264198510763,0.0402315951742582,train
0.4990035606701118,0.6951420476446303,1.393890203058529,train
0.31777097211425887,1.146424369157454,2.0750913383274323,train
0.7304344373342796,0.3141158022171654,0.03298816036298733,train
0.1981775783622828,1.6185917898110305,1.7463419008451875,train
0.8500692754952377,0.1624374322361344,0.005983579312380638,train
0.39119566878259754,0.9385474125018927,0.2932499168587356,train
0.29049896965852595,1.2361552494829466,0.09643238580904423,train
0.9599767767495151,0.04084618569878107,0.005364338649620992,train
0.3060449589114323,1.1840232632749461,1.1373722972474205,train
0.539921916603864,0.6163307487609765,0.02270328868846694,train
0.3607503166081713,1.0195692036898134,1.8107121415264311,train
0.15249044363070288,1.8806533496148885,1.762605791958392,train
0.15885294200619796,1.8397763977821653,1.564826458733974,train
0.3695790105516596,0.995390730460156,1.0950945797194835,train
0.608895846027432,0.49610805048410966,1.0465557739370899,train
0.8230694674385604,0.19471467428691888,0.03516072538255327,train
0.4095908151715503,0.8925966294058405,0.552511237757563,train
0.7388843385231666,0.30261388107711884,1.0411839713199418,train
0.5398288917764931,0.6165030567173663,1.1278777824732058,train
0.3286501755532314,1.1127613901079862,1.9304798922583417,train
0.5586213309931297,0.5822834396746736,0.028008681199741196,train
0.5898752212989518,0.5278442537732032,0.019443781605984676,train
0.27722017429823353,1.2829432354609849,1.7247564432009501,train
0.7517264353083556,0.285382804051958,0.01051242080675179,train
0.580827143923549,0.5433020811580562,1.422224183381743,train
0.18305337800169116,1.6979774856026018,1.8900584832231992,train
0.15718842611134598,1.850310026943393,0.06815840811011095,train
0.385372069339053,0.9535459975039199,0.05458306837951292,train
0.797034177798442,0.22685771805184846,0.009660668361048019,train
0.41288403011507874,0.8845885242052918,1.7408798884952288,train
0.4095915719048489,0.8925947818727136,0.04852911814160505,train
0.5970035980522211,0.515832138719554,0.02619074082032203,train
0.8935014912772925,0.11260727535518031,0.030358282825702524,train
0.34747153512453993,1.057072530643045,1.3130044046762679,train
0.439620389430631,0.8218436757479469,1.3593929686011905,train
0.26163228549282247,1.3408152515217182,1.8329927351593713,train
0.6248607546816323,0.47022644657706186,0.14596083548716648,train
0.4887926205614529,0.7158169682897506,0.026367983930472325,train
0.49288085906166795,0.7074877993344987,0.10568339872351175,train
0.31609752950237263,1.1517044753482955,1.3060476263161527,train
0.6989976350648028,0.35810792006620645,0.05151861798540457,train
0.5304714623612931,0.6339891162274569,1.5192846492550274,train
0.6573083523809391,0.4196020366870897,0.01545654860207238,train
0.4264951479053015,0.8521542886560273,1.6811044884955495,train
0.23447151655295315,1.4504211630661743,2.379368449576215,train
0.27416856275917145,1.294012169195711,2.020180672009503,train
0.6659154249273896,0.4065926061041238,0.05214600288086095,train
0.9629057927125736,0.03779969885143577,0.0013923976324180993,train
0.2749269515817899,1.2912498472132985,2.2394465777874584,train
0.6339530490741085,0.45578038237528146,0.016789221729417377,train
0.6889194036580908,0.37263099063348365,0.23477153991689798,train
0.9306819225697855,0.07183771145629374,0.005814867016742656,train
0.527494757393344,0.6396163522721208,0.023561042061735222,train
0.5750292774560221,0.5533343221662081,1.2016740764889304,train
0.14087668851238525,1.9598703208030934,2.298073666111893,train
0.4205057672194277,0.8662970845159145,0.1998858737013158,train
0.3081343137930718,1.1772195073217044,1.7530720515631881,train
0.4897529080632366,0.7138542843226675,1.65942090571205,train
0.30231773308864696,1.196276718352693,2.0238884223852804,train
0.5879020874138798,0.531194862952778,0.01956720534825136,train
0.15389397954123724,1.8714913581926893,2.0822948353167283,train
0.6290207228932473,0.46359107704816893,0.08104853241578582,train
0.33980100882566555,1.0793951008680016,1.8226004923174324,train
0.6317302238640248,0.45929283694100426,1.2567434154053632,train
0.16760572246193148,1.7861409479494226,2.292619749415805,train
0.6716295143415802,0.39804840843468325,0.03201213937647285,train
0.23073092868291833,1.466503058276273,2.3431441485666906,train
0.38496654646757134,0.9545988407617292,1.7410860081399926,train
0.5824859990102361,0.5404501298650809,0.14457503657403858,train
0.08414449237193314,2.4752198106128467,2.155132900518628,train
0.23157410947749862,1.4628553293530624,1.1712175017533335,train
0.5224061425227592,0.6493099428142367,0.023918117195416075,train
0.4449580352839898,0.8097753039952862,0.055541278650808,train
0.11221041986440441,2.187379421538863,3.13470811736547,train
0.5412540498118444,0.6138665173620776,1.4107440186155806,train
0.6084807955193232,0.4967899274152509,1.0334139534028692,train
0.6095224105729516,0.4950795619542365,0.12124997494066679,train
0.6270925256460745,0.4666611804229066,0.017190029087694972,train
0.768643104059413,0.26312852116001545,0.011685590314541427,train
0.6420040246490125,0.44316070638813,0.03151518635398823,train
0.4733200553362886,0.7479834695548405,0.06775214272008091,train
0.8350071847993619,0.18031494961816655,0.017295624288399054,train
0.9553953324698659,0.04563006345806914,0.03347647489826733,train
0.17748835538413343,1.728850275688339,0.1836087462365012,train
0.7951703711230638,0.2291988839880258,0.047338078799431325,train
0.4631870246911709,0.7696243654404646,1.4209340598397138,train
0.5301202769373407,0.6346513605647917,0.4699431139469126,train
0.7743179729539027,0.2557726719850256,0.009421695773527935,train
0.2199152420824167,1.514513070124475,2.345421569298529,train
0.541373888158116,0.6136451331864841,0.022604360790067397,train
0.5353139542972918,0.6249018737415659,0.023019016445374168,train
0.8500821438527557,0.16242229434033076,0.08725394305137466,train
0.6672504438454143,0.4045898255116411,0.04105919184459957,train
0.1302200302319584,2.038529719012809,2.2708407977040106,train
0.45784154300753127,0.7812321306975336,1.6529042591152614,train
0.1608863521192626,1.8270570507115265,2.8158537827676207,train
0.3791398082723915,0.9698502546596423,1.519168158955654,train
0.5200708335518458,0.6537902583146094,0.2090344779401887,train
0.9382161631516741,0.06377490540450538,0.010068003131584666,train
0.5642394095205282,0.572276632586858,0.021080502028176275,train
0.4543492560255582,0.7888890902899962,0.029059683937628422,train
0.49089564440690553,0.711523710626253,0.026209836591005137,train
0.08409284039054842,2.4758338477252937,2.7027434684542033,train
0.30127746904473174,1.1997236147832628,1.818360772970416,train
0.31718229914353674,1.1482785942352087,1.884768113562083,train
0.1396137099546916,1.968875884631542,2.7131206037338833,train
0.8147604911619145,0.20486108480620263,0.00754630587349046,train
0.8813602049890252,0.12628887736772637,0.04479078438206609,train
0.3018427767355432,1.197849004006008,0.04412421706658629,train
0.7273426365969448,0.31835761041747823,0.011727087687915356,train
0.22922606516782093,1.4730465782347597,1.629327091652544,train
0.4848544454265587,0.7239065456099886,0.04464640442554236,train
0.2661257690771434,1.3237862658632529,2.140443388046047,train
0.8442831985399576,0.16926729737445265,0.01217547799503873,train
0.6945472336939188,0.3644951080220303,1.2644674094330532,train
0.6633644721933524,0.4104307080284433,0.015118711616634528,train
0.6256626086173527,0.4689440170453164,1.2138703152794,train
0.6817340318697921,0.3831156797972763,0.014112529509523228,train
0.7572757244398762,0.2780278587836773,0.02095078529629044,train
0.756768128950834,0.27869837503975936,0.05428728578616017,train
0.08414449237193314,2.4752198106128467,3.3508992045278756,train
0.37980555127716287,0.9680958643938578,1.560148421966635,train
0.12249623667213058,2.0996749705130884,2.784128322139112,train
0.45063529181029527,0.7970969322349738,0.04129072747695619,train
0.1498974236116858,1.897804061401638,2.013572740495084,train
0.4911408290582543,0.7110243714202902,1.3923130845666114,train
0.5244103877264793,0.6454807185044982,0.058213243891105645,train
0.1687090740857209,1.7795795025796524,2.3936447773327463,train
0.3913633664223118,0.9381188246644591,0.5968745234089862,train
0.41734725287530855,0.8738366630113352,0.7347001821682063,train
0.5602874378946381,0.579305344982355,0.021339413151698784,train
0.4311498580939947,0.8412995507175822,0.6739383683869862,train
0.953927468455047,0.04716763929730823,0.004665216932134174,train
0.8495354341036281,0.1630656270230168,0.006006719627264897,train
0.4681226504663838,0.7590249437536704,0.02795960197415035,train
0.39308879348040027,0.9337197550237726,0.07597143300203561,train
0.20550187572112558,1.5823001174907858,2.5798353964164584,train
0.5723795196255453,0.5579530117695398,1.2407504289766937,train
0.08150904576345798,2.5070412739316867,2.885373737717914,train
0.7898207474062673,0.23594926128461038,0.010498213380541866,train
0.8207980099098486,0.1974782291423424,0.095100807188223,train
0.5118316821278537,0.6697594538354259,1.3475634009114814,train
0.21387686473710343,1.5423548279902386,2.409878719506348,train
0.7691598307013348,0.2624564888082897,0.02580528053468494,train
0.5778877863491105,0.548375570422129,0.020200077490900307,train
0.5147349921714129,0.6641030890671905,0.024463040632493816,train
0.6923899947945409,0.36760590582125496,0.01354120822338205,train
0.29790648273761405,1.2109756580441082,0.04460775324702145,train
0.2782109374302976,1.2793756852753222,0.6891487613344814,train
0.6298343500503896,0.462298430598355,1.4421238076816045,train
0.7687306447341525,0.2630146377599602,0.08738963620142076,train
0.28821824947900826,1.2440372751487299,1.5618877667523805,train
0.21362585228828623,1.543529147907594,2.2666883893819274,train
0.6637079547528596,0.40991305343747597,1.177027041246354,train
0.3170764286931574,1.148612434186371,2.068379061032257,train
0.5414422963565019,0.6135187808111591,1.485239913726254,train
0.3566473056465982,1.0310079249015198,1.4163515080660196,train
0.5012628334730632,0.6906246977503283,1.346842866624506,train
0.5252090296891943,0.6439589438429627,1.5849537353261838,train
0.5918231562458682,0.5245474112822571,0.01932233842473366,train
0.5608541926565831,0.5782943133788926,0.17028502240315177,train
0.6521253544048877,0.4275184741781405,0.07621616275641828,train
0.24379842208166203,1.4114135341394134,1.476044537535887,train
0.5542884246696385,0.5900701055641822,1.530425808095312,train
0.35673162439074285,1.0307715323169142,1.9847172225088137,train
0.690314818761996,0.3706075263699981,0.04627130611917339,train
0.7483035787470836,0.28994652940414173,0.01068053115070882,train
0.2829307230621973,1.2625532061392704,2.0870232867316414,train
0.32469050245577047,1.1248828505143433,1.2678937040932177,train
0.6865980220667461,0.3760062787277019,0.04020009130425567,train
0.35403318975547354,1.0383646138718223,1.8217321280128063,train
0.6595042794393849,0.416266817930908,0.015333691784668724,train
0.5294853857046635,0.6358497145016179,0.023422293403063683,train
0.7481739157795254,0.29011982030675404,0.14977544388681227,train
0.9802260228978816,0.019972098299739793,0.0036266312506095318,train
0.14876674656376918,1.9053756589519637,2.8590048108554327,train
0.7034627971090353,0.35174028640024735,0.01295677893981862,train
0.055035051293889116,2.8997850004841563,3.14725443585032,train
0.324066976662452,1.1268050664590612,2.045317470401154,train
0.6439446991963539,0.4401424273780078,0.05195928809679437,train
0.5451650933258794,0.6066666066572394,1.1096177264165772,train
0.5465536267700267,0.6041228485127278,1.3334322568707073,train
0.5832629614349865,0.5391171455500036,0.019859032211081134,train
0.19582631306702275,1.630527170442888,2.3186633157964316,train
0.756355541402451,0.27924372049524626,0.01803705855797375,train
0.3666453345826973,1.0033602889670397,1.2963641449820744,train
0.42805486233250784,0.8485039085952034,0.20082769041476664,train
0.3296757780809766,1.1096455981456326,0.5884679420491641,train
0.5353800368569696,0.62477843499939,0.023058426684438582,train
0.3502336284401061,1.049154837355398,0.0570033674075081,train
0.9865077038670041,0.013584144257507107,0.0005003883860799696,train
0.6726664653035447,0.39650566608726556,0.04817077518677423,train
0.775836015538341,0.25381410131272436,0.009349549453586231,train
0.8124548868570483,0.20769489018799986,0.0076506925227030976,train
0.19412956477753202,1.6392294831598366,2.1471022264465383,train
0.42128663548359074,0.8644418325900667,0.1513940721612852,train
0.41046968440916176,0.8904532032207203,0.4481342651797389,train
0.28778044770350175,1.2455574239336349,0.045881614426145245,train
0.18553533176086123,1.6845099473577816,0.9930228854406181,train
0.5504016889595857,0.5971069237638128,0.04750692892267225,train
0.9209962923858438,0.08229926837462492,0.0054089188096661306,train
0.7476585094138781,0.2908089434697012,0.01071229921605158,train
0.1635877376041659,1.8104058111424142,1.9185319087727422,train
0.6071805553773295,0.49892907683684806,1.4582942278831672,train
0.6882531128397931,0.3735986121366763,0.021629780829323597,train
0.4941142759538203,0.7049884607046326,0.025969102754635466,train
0.19660718166754584,1.626547542599802,2.1207508648416966,train
0.32692096708104135,1.1180368281804978,1.3589633921321949,train
0.21755363753213916,1.5253098495133155,1.8029555578147547,train
0.4254528940397236,0.8546010444069125,0.31220945943147727,train
0.9040627426671185,0.10085651539319859,0.012789584280975612,train
0.30932929981108664,1.1733488743528746,0.9277525544269707,train
0.17631902537984945,1.7354602805972392,2.4132046594909027,train
0.7324310395377523,0.31138608649850164,1.084143497111751,train
0.36364423869457363,1.011579255502899,0.12628456539264057,train
0.22475488722167747,1.4927448607203226,2.288664497864885,train
0.5875780887481085,0.5317461247784503,0.1703541755955275,train
0.4627997791904951,0.7704607607792049,1.5166411601172012,train
0.6047299305289499,0.5029733164354881,0.01852763054348123,train
0.8749645642630185,0.13357189142970988,0.01697364137894188,train
0.5900634933707303,0.5275251319899519,0.22851857314249854,train
0.4336950868941784,0.8354135565559664,0.030773468931865017,train
0.49058948956171466,0.7121475710282594,1.5482127555592424,train
0.761947054273204,0.2718782082906143,0.051810967792783116,train
0.5525191946056006,0.5932671048260936,0.021853711464688477,train
0.28041544025452664,1.2714830602359937,2.0882225893305546,train
0.8398344052482465,0.17455054318798366,0.007328659836068561,train
0.7603015095302068,0.27404020130948714,0.04003642117944419,train
0.4888816515789601,0.7156348401100688,0.17651493201780952,train
0.34236306340068584,1.0718835161156481,1.0618356214195712,train
0.52799040584075,0.6386771661971211,0.2352538807629848,train
0.28050963476516844,1.2711472060703588,1.8036687301067513,train
0.6413446731878617,0.44418825489505914,0.27704833329173945,train
0.2706269448632061,1.3070139936897054,0.04814544151538249,train
0.49961525209391433,0.6939169725859857,1.2124303323485592,train
0.8563459128273164,0.155080880698104,0.0570709242388472,train
0.11502214604548705,2.162630594850356,2.8992210618742438,train
0.9580251853267936,0.042881211871668164,0.013609578667662402,train
0.34431421961752817,1.0662006094105299,1.7987432305848463,train
0.9682713711744607,0.03224288887169339,0.001454833850096301,train
0.8326201429356972,0.18317775170139167,0.012599841279498543,train
0.3207433545245309,1.1371139942527586,0.041886969512903695,train
0.25312203932311406,1.373883537691016,0.05060866205886485,train
0.3767469234342125,0.9761816075759948,0.17531719325228692,train
0.17736161064906997,1.7295646324733782,1.8238493142619825,train
0.5037068380761205,0.6857608506305618,0.02526083047846155,train
0.6904814123189008,0.3703662256567382,0.013642887943602808,train
0.32666885613535335,1.118808293552927,1.9999163282219237,train
0.7867374935031399,0.23986063956925768,0.008835556811158026,train
0.7086232054808859,0.3444313387368738,0.012687545011211202,train
0.2433266328808965,1.4133505699928401,1.8698456402280001,train
0.5237509204123771,0.646739050396733,1.301195193615813,train
0.5520155712274615,0.5941790243574997,0.3013666649421723,train
0.7552058978398667,0.28076485454168726,1.1418288100938399,train
0.88730681365573,0.11956445608126104,0.0843574115967524,train
0.42251601491214724,0.861527927785781,1.6346992963548008,train
0.5787156605490783,0.546944009166501,0.17007888285991657,train
0.5894142455927388,0.5286260393188785,0.019472579622263467,train
0.7904098389971247,0.2352036845020636,0.00866401223787125,train
0.06616647366466398,2.7155813844340972,2.925425687771517,train
0.35932070159343354,1.023539970064222,0.03770333294463755,train
0.2379979853723417,1.4354930701685829,2.3146322967148434,train
0.275841383250892,1.2879292768337238,1.080409253292024,train
0.8699131493079542,0.13936190069835402,0.026065759779413066,train
0.3408687310387124,1.0762578287776867,0.37400491492492416,train
0.53712367776249,0.6215268985842316,0.17086455912169207,train
0.8775687022467632,0.13060003354816108,0.07257075397667284,train
0.7535103408672633,0.28301253723104003,0.010425109161158611,train
0.18020751854581374,1.7136462113385948,1.7337311545555418,train
0.7873377303470364,0.239097986217124,0.018759744139175884,train
0.10438893172826176,2.259631627082424,2.969684961149444,train
0.7627970745679307,0.2707632403865482,0.00997389149426418,train
0.8271041987800473,0.18982459578882258,0.022667800809608774,train
0.8479492694197552,0.1649344687772071,0.011095162823872512,train
0.9458342102485369,0.05568797872600149,0.002051334060543416,train
0.6630012005297603,0.4109784780441277,0.015263094761057975,train
0.3402749741941841,1.0780012406021215,1.4234632952772777,train
0.7334719354290954,0.3099659433047722,0.011417970478656716,train
0.49556097130683835,0.7020648827178775,0.17321334982705794,train
0.3187486388677441,1.1433524527374606,0.042116770677674276,train
0.6195481752147498,0.47876481626373574,0.40882882895930106,train
0.6421271987026549,0.4429688660967637,1.3585542396691712,train
0.1332680342728958,2.0153928834587953,2.956661247254726,train
0.15855514483182703,1.8416528292538146,1.8389179264738305,train
0.7960992628986693,0.2280313987784122,0.14026574967166475,train
0.37423167876408614,0.9828802114188918,1.8953797535953223,train
0.7144503220312738,0.3362418123271464,0.24486312913088493,train
0.16347206011356855,1.8111131894030756,2.4288479241358396,train
0.29933921018751836,1.2061778663976177,0.04443102078797026,train
0.6344056958617162,0.4550666303573584,0.06609103669158682,train
0.5783110485891572,0.5476434087105544,0.15142927081838567,train
0.7030334434702382,0.3523508157991128,0.012979268528765957,train
0.37540244315426224,0.9797566467148855,1.234772479852504,train
0.7973016775464288,0.22652215544174956,0.010622510572272805,train
0.2332700763372257,1.4555583707733626,2.289057100958569,train
0.2786143708084804,1.277926636739612,1.1231455296074309,train
0.41433635419656134,0.8810771852653224,0.032455543933372896,train
0.8138615986772313,0.20596495363073644,0.00758696821696102,train
0.4201478527862768,0.8671485992093855,0.07618214599325072,train
0.3071314346486334,1.1804794971233663,0.4696265916073458,train
0.49914400363150624,0.6948606404312199,0.029313206134636244,train
0.9471398028277467,0.054308569629826726,0.0020005218578536903,train
0.2320329455745408,1.4608759106110225,1.962767417631572,train
0.3495959436717415,1.0509772380376874,0.7627324778070905,train
0.7684518330061764,0.26337739460252263,1.2577062275883923,train
0.7135526280480999,0.33749908438162673,0.012711784173526112,train
0.48764512029466367,0.7181673501872055,1.5354606998166964,train
0.26661774922072384,1.321939297231857,2.2304501885146797,train
0.30552642961341203,1.185718991466297,1.7481036952416835,train
0.18471520963161753,1.6889400474054628,2.0086739915816545,train
0.9419811539678519,0.059770011009458994,0.004656630111545796,train
0.7389630813293672,0.30250731688758586,0.011143222952090463,train
0.3151110089107558,1.154830292997561,0.04253957080807347,train
0.22153880513573787,1.507157512354957,1.7294585835471128,train
0.43446546172707146,0.8336388271322017,1.7315473989743264,train
0.8440195647838569,0.16957960363132865,0.0062466698354051355,train
0.17918755978917897,1.7193222016703573,1.4551142877261838,train
0.31871853414564544,1.1434469037881045,1.5950854782013086,train
0.6569043922045474,0.42021679284552466,0.20343525426316095,train
0.7562557484122321,0.2793756684597176,0.018338266546523877,train
0.39789507120751544,0.9215669486390036,1.7726109888242043,train
0.779446504184039,0.24917122121132357,0.045656401006258555,train
0.48977353007322105,0.7138121782412293,0.36087574832492736,train
0.4781197513853055,0.7378940519563758,1.3945622970633573,train
0.23821433136271114,1.4345844586201169,1.4830374229166958,train
0.6128175659156857,0.4896879959605745,1.3199544267295593,train
0.4438421045885951,0.8122864000937621,0.4282461185247451,train
0.7148232689896242,0.3357199430794983,0.07217620170592154,train
0.7983581849970761,0.22519792885707868,0.05041906582814426,train
0.11195222055483932,2.1896831008965782,2.6744604551140765,train
0.6594199104771089,0.4163947539609483,1.0799437952955038,train
0.3264684688375258,1.1194219081679653,1.4936151979182577,train
0.3964284623608504,0.9252596769827361,1.810412548148463,train
0.08998725466812578,2.408087233478797,3.147997015497427,train
0.4470484909004202,0.8050882094906141,1.4057934650814174,train
0.9702955006507518,0.030154614031868702,0.009867664660853639,train
0.2947017238949411,1.2217915395951253,1.7479712921746209,train
0.7007405163509508,0.35561762259863594,0.11801984600348071,train
0.8778032549616438,0.13033279364460285,1.1210048912061088,train
0.7537950745920692,0.2826347322748946,0.07099583696002917,train
0.5505995156295672,0.5967475659878434,0.02198191846179685,train
0.3228034523175909,1.130711647731542,1.7365347771614663,train
0.8417217444131596,0.17230578917509407,0.006347092177699199,train
0.7381491338884375,0.3036093963571449,0.048708420596741575,train
0.5124662233221704,0.668520475854289,1.4332478019410637,train
0.9340961017014775,0.06817595343237479,1.066777593879365,train
0.36815775295806225,0.9992437561522606,1.471211336175774,train
0.17466673623671727,1.7448754850274675,2.151934698419722,train
0.7789275680495586,0.2498372181152863,0.009203056150285594,train
0.4201906978939788,0.8670466281461647,1.8132304969957989,train
0.7071433190793609,0.3465219192313871,0.03412890925924794,train
0.7540421583657108,0.28230699958538086,0.12255071653181057,train
0.6610575946142423,0.41391431037824916,0.0321315184655834,train
0.5551126555162046,0.5885842029218662,1.2205918138372809,train
0.08053574357541829,2.519054173534725,2.6230609259359867,train
0.32102700650005755,1.1362300269921197,0.8968123171732683,train
0.6720742533210968,0.3973864485496854,0.07161060227304474,train
0.10374108954117116,2.265857007500085,3.051027499928193,train
0.8390560570635688,0.17547776060676643,0.024827222191149585,train
0.875054224358303,0.13346942384942329,0.004916507681676569,train
0.18991087052393427,1.6612004193902623,0.12529386003997764,train
0.19818835700237833,1.6185374024929666,2.5555781790779197,train
0.34710504576928347,1.05812781928752,1.9534213359335602,train
0.4570210558181772,0.7830258151489188,0.3949984259096837,train
0.5659025206263376,0.5693334406531961,1.465999727938287,train
0.35165622814531755,1.0451012051797257,2.036956507603637,train
0.13407748563938238,2.0093373951137687,2.896827329700837,train
0.5825469952949058,0.5403454181787619,0.019904277119168066,train
0.5220772145397623,0.6499397814644106,0.023941318063993224,train
0.1898965476152088,1.6612758413438535,1.3145309512222216,train
0.35512840226635267,1.0352758583782036,0.2708140024744053,train
0.5511610574285195,0.5957282123073652,0.19448464913347327,train
0.1403013920043378,1.963962370295444,2.5585527698719273,train
0.13659310717481166,1.9907487930394436,2.540436596409638,train
0.6190421792659992,0.4795818676400349,0.017665978231127387,train
0.4020627781596395,0.9111470379793165,1.617498726885844,train
0.6669111072510381,0.40509851443527967,1.1042622936833515,train
0.4520676547916937,0.7939234316079661,1.537684389323347,train
0.7725168989207981,0.258101394823876,0.012138414128720715,train
0.3089137329253508,1.17469322253415,0.04327124584517721,train
0.6260217843813368,0.4683701091563123,0.021212675393899545,train
0.6625153525931905,0.4117115476646959,0.3521237334398313,train
0.43566665301442153,0.8308778853624716,1.7575324977422162,train
0.48442242565437715,0.724797972639106,0.0266988100897475,train
0.40904805965408125,0.893922624575836,1.7824253281798548,train
0.9523878086584479,0.04878296510397508,0.03133863585509643,train
0.1898209671678166,1.6616739291088254,1.6716205708284582,train
0.33412649240863906,1.096235637915329,0.1873031385881318,train
0.4608046322256472,0.7747811170779633,1.5744530288282803,train
0.7356275926077392,0.3070312766132433,1.088068015394395,train
0.33952653272117606,1.0802031826919787,0.08347700639584434,train
0.3267273444053022,1.1186292650551897,0.23859538909994507,train
0.47350558515741525,0.7475915709505644,1.4906294051457014,train
0.2632236789792695,1.3347511178509404,1.1602010084712884,train
0.32940475477113124,1.1104680267006042,0.20169957964595586,train
0.67535655834638,0.3925144929891552,0.0738465636261549,train
0.8245277866939082,0.19294443628424762,0.04632014714696298,train
0.4423260230418152,0.815708060112145,0.475678570516823,train
0.4189096865174256,0.8700999275977005,0.7791234754071514,train
0.3967850189913729,0.9243606588421726,0.42772233424081624,train
0.23877314273122005,1.4322413714133542,0.05275834345784633,train
0.8179950320153326,0.20089901572872193,0.02114514443167747,train
0.24539525165008963,1.4048850963216661,0.8586315339591348,train
0.5398446940887579,0.6164737843289836,0.4357417215538008,train
0.7684566267342634,0.2633711564585959,0.009701595140783415,train
0.1304161368240778,2.037024888494914,2.639659444684841,train
0.5086119895894864,0.6760698525608322,1.2455942681561372,train
0.8577132079679574,0.15348549181791502,0.03539672868613405,train
0.7075631097111555,0.34592845243775056,0.08845418918551229,train
0.8278503758074727,0.18892284647262242,0.02232932132943631,train
0.9164722472295954,0.0872234934160789,1.0189366386660763,train
0.1861065832472131,1.6814357411760847,2.087717441213084,train
0.36098652371607826,1.01891465177243,0.22616503017306927,train
0.9674836592568505,0.033056743877834055,0.0012176851485471388,train
0.47679935205381374,0.7406595221794587,1.2261122618958589,train
0.7961551032575384,0.2279612587805841,0.00839722872546321,train
0.21150134011804894,1.553523944260328,0.057225933740759065,val
0.34118092285004786,1.0753423768560906,1.5944211859956303,val
0.31041959118397666,1.16983037673704,0.07345568359287984,val
0.5478500075392093,0.6017537383692868,1.5839552515761206,val
0.4704430819104519,0.7540803008974456,0.2438936734808428,val
0.9302398931873075,0.0723127764343584,0.0029036553698186572,val
0.1155657476193076,2.1579156675206774,0.9161690906410791,val
0.9617745964883757,0.03897516295528818,0.0019926917511854034,val
0.35851790576552783,1.0257766738423812,1.988588654584063,val
0.40792755555300214,0.8966656802627164,0.03302976500356295,val
0.298346760328467,1.209498843700563,0.07921328740589911,val
0.10884107836808489,2.217866457287389,0.2544752055429504,val
0.8232255490752742,0.1945250586522776,0.008486829418711843,val
0.11567145289160806,2.1570014090931418,0.6096278898109966,val
0.19535724771341828,1.6329253570000117,2.5427480629508086,val
0.9646669917677608,0.03597232345013817,0.00510889303169268,val
0.407522374427609,0.8976594412377106,0.33123041834888745,val
0.9172691014653506,0.08635439125346457,0.023826586638052337,val
0.9502357069177284,0.05104521261740039,0.008664039117198607,val
0.15422830090027587,1.869321300968934,2.614992928076748,val
0.12505763437206874,2.078980572965691,2.255897763824149,val
0.23261200522013212,1.458383427073286,1.8782393335447507,val
0.20385286771218097,1.5903567820592341,0.3896237164746398,val
0.36204202665655977,1.0159949781586015,0.037425404040830924,val
0.3239016933995953,1.1273152246629312,2.10325000645979,val
0.4822161833739573,0.7293627522595502,0.09860864401584926,val
0.2133755747038514,1.5447014044729104,2.1371201456421005,val
0.6564096449264908,0.4209702262018627,0.03858117191327376,val
0.25718471358929224,1.3579607223301486,2.205769417175601,val
0.5908754887882401,0.5261499626412554,0.20422061494421723,val
0.7152028311552449,0.33518909658026946,1.302525575196939,val
0.8578021921784201,0.15338175132041199,0.005650002351449193,val
0.2383434810177395,1.4340424481658345,1.5848975264368432,val
0.573522004340356,0.5559589746389889,0.02047942135865771,val
0.15858829232204683,1.8414437914087438,2.804765899656516,val
0.6005012936642824,0.5099904831525419,0.0187861163679718,val
0.40747768984694793,0.8977690966418377,0.03307041068065945,val
0.8290574402578232,0.18746583763702626,0.008463337893521914,val
0.7869266429765506,0.2396202458665141,0.032024505485974394,val
0.24546636136985553,1.4045953620325013,0.08841903202924026,val
0.7612556955738685,0.27278597811558447,1.0416240394850844,val
0.513909689413195,0.6657077304950432,1.5450290588794902,val
0.9152725086981927,0.08853343433342266,1.0872121196737694,val
0.23592894152533697,1.4442246145264201,1.7826483730357139,val
0.5075464738893166,0.6781669980927115,0.21050267435584535,val
0.09466012848909958,2.3574623971301456,3.0822265458436857,val
0.24006681538123723,1.4268379969636953,1.109086185522751,val
0.5104230869658375,0.6725153148910046,1.4122504227148456,val
0.23261200522013212,1.458383427073286,1.4811825552577065,val
0.9329031019343936,0.06945393997584277,0.002558419895474881,val
0.7914165115732711,0.23393088649653612,0.034462890799981126,val
0.26398764349414205,1.3318529818776381,1.459622906441487,val
0.37543795639781297,0.9796620507299109,1.4951863896561877,val
0.12249623667213058,2.0996749705130884,2.8609656534418857,val
0.3640715410223202,1.010404889386991,1.4976541523650433,val
0.6584587877365731,0.4178533448194798,0.27220004935907466,val
0.47112964237553884,0.7526219736348664,1.111718770226087,val
0.22611720817968314,1.4867017938827765,2.0747671426521683,val
0.6695574617893448,0.40113828961853776,0.028457665411489093,val
0.6460295249132627,0.4369100720438432,0.016094111021478726,val
0.36508362974985265,1.0076288290418842,1.4165054077698214,val
0.6524409670921852,0.4270346157674881,0.06096109835430975,val
0.6708871465687942,0.39915434308721554,0.014703333073325019,val
0.317845251514954,1.146190645101107,2.0711840482562476,val
0.2887259690145771,1.2422772448014,1.0492700953778156,val
0.46416872390218294,0.7675071637533879,0.02827205480854131,val
0.8059269928759808,0.2157621201364212,0.007947858696552856,val
0.8165795256844051,0.2026309730482558,0.007464157009183437,val
0.25251000531696316,1.376304406034097,0.5396170891756588,val
0.41181649387779423,0.8871774320633209,0.032680253903473004,val
0.919433443363749,0.08399762106627533,0.0030941539815202016,val
0.15243070773719147,1.8810451616883221,2.0721700984216485,val
0.502285799851152,0.6885859988802745,0.02536489823174157,val
0.5820654720931742,0.541172342572334,0.01993473787951231,val
0.4801850326377527,0.7335837646983394,0.02702244536817325,val
0.5317776862608782,0.6315297599461864,1.2670252026325364,val
0.31031671257585025,1.1701618495651804,2.000514920632728,val
0.46879967350886387,0.7575797371597135,0.08378943190705432,val
0.3276803289387365,1.1157167527301937,1.9425182405017216,val
0.43742091651021503,0.8268593517863003,0.030458364451395055,val
0.8095601993308563,0.21126414256293571,0.03914864888395761,val
0.36192511388745413,1.0163179562706581,1.9198040516777315,val
0.4789665956962062,0.7361244215892087,1.5982607526521961,val
0.6519598294157796,0.4277723302790313,0.015757511249904377,val
0.6762721323283639,0.39115972132984045,0.29586646749336604,val
0.196734424454008,1.6259005589656255,1.7954775345281362,val
0.43504318536728526,0.8323099761146562,1.4065665133261915,val
0.2867743387734671,1.249059648550296,2.2288445019883785,val
0.2021421355792528,1.5987841875390842,2.0819856725150157,val
0.48412123065986185,0.7254199270595617,1.5259033060055376,val
0.6318076668280086,0.4591702557906465,0.17916334860330282,val
0.3233303357608303,1.1290807670385856,1.856481831826482,val
0.6798004066453618,0.38595604353647894,0.014217157743764346,val
0.8776285545710579,0.13053183343665178,0.02534861725025218,val
0.21367199570707093,1.5433131701338678,2.1875179318479225,val
0.7340200200824589,0.3092189754228847,0.011390455013141497,val
0.6824380665815382,0.38208350097606825,1.3148786974281574,val
0.21364285481293355,1.5434495608731416,0.0737418216398148,val
0.7433268179233319,0.29661946836005865,0.018238205185032916,val
0.6430380369493053,0.44155140105197743,1.319789643618948,val
0.7601092550452924,0.2742930993952131,0.02597292579031067,val
0.372335885292389,0.9879589146410904,0.4341742820313905,val
0.5133678787690723,0.666762578203479,0.02456100613193771,val
0.32686722152838343,1.118201240917575,2.030353846559927,val
0.6204178849900442,0.4773620199359533,0.1517729067934475,val
0.32486311952996805,1.1243513560467016,0.6488494833289392,val
0.5356716926406798,0.6242338193045796,1.0912202916333924,val
0.28404938173565525,1.2586071765852944,0.05734858537627579,val
0.7312649233149939,0.3129794726921818,0.12093260884112715,val
0.4414997923141212,0.8175777293479245,1.6559366645689877,val
0.8591584831673214,0.15180187673098727,0.016422906174698066,val
0.6457518439109702,0.43733999155386416,0.016109947626691802,val
0.6513278062730297,0.4287422208465275,0.017636855819444408,val
0.8530544671681746,0.15893187987347707,0.005854448050534712,val
0.7684566267342634,0.2633711564585959,0.013029160806730595,val
0.5704829734226824,0.5612719551338223,0.2027076231747068,val
0.5633083451107544,0.5739281185085237,1.3354337516245338,val
0.17661878947850101,1.733761600783896,2.5473230704633787,val
0.6125146601641211,0.49018240188786116,0.01805646173331222,val
0.9366283643436221,0.06546869831839652,0.002411618698188854,val
0.2947848855676454,1.2215093901046326,1.8437645737560404,val
0.4214964389227001,0.8639439501578852,0.031824420492601035,val
0.1724875770911061,1.7574300619672145,0.06473706224594955,val
0.6482622032946129,0.4334600297585025,0.4200408079791268,val
0.1254266881378556,2.0760338493613113,2.4617892634994387,val
0.6684426133997953,0.4028047299547068,1.0730799031216893,val
0.16748275289444114,1.7868749008129443,0.14073207903643545,val
0.45984099391343436,0.776874514660631,0.02861711251062879,val
0.361707671815708,1.0169189298102395,0.8997936518402109,val
0.900853594204161,0.10441252713634513,0.012496760179586924,val
0.6271992875668789,0.4664909458412286,0.01718375829095091,val
0.7497432284775205,0.2880244931010131,0.26655852928391954,val
0.27203500897969374,1.3018245114843265,1.9305270201869484,val
0.5461861557673344,0.6047954167168269,0.022278370778656128,val
0.25642864467887844,1.3609048414593186,0.05013057608320892,val
0.739280219622784,0.3020782423258027,1.1718642505848953,val
0.5478474975408597,0.6017583199227502,0.022166495644356302,val
0.5041357229678122,0.684909755560442,0.025229479362008082,val
0.9548944749905053,0.04615444199883448,0.002128369364885652,val
0.24303097458816608,1.4145663763238598,1.3679915916541296,val
0.24304268570188745,1.4145181897435928,0.4922886935330875,val
0.3766183677238159,0.9765228914475861,1.9438644289907847,val
0.9580251853267936,0.042881211871668164,0.004539331768668511,val
0.9709381179498946,0.02949254294834836,0.0010863934957965834,val
0.19593660847759276,1.6299640981998629,0.060041699278611756,val
0.36508362974985265,1.0076288290418842,0.037117226817822924,val
0.18731676962695712,1.6749541400271284,2.1597270502015324,val
0.9209732513810012,0.08232428616595797,0.003019721426661049,val
0.33640042611906995,1.089453084180609,0.6775240596991915,val
0.251609629769885,1.379876480763148,2.1123729984585786,val
0.2697053865883993,1.3104250765168082,0.7802326966871054,val
0.3544026006549689,1.037321722086914,1.0357760843951664,val
0.6945133434852787,0.36454390389055275,0.013428415678247579,val
0.7125352639059989,0.3389258748626776,0.012484744589601414,val
0.5211221485066367,0.6517708145991942,1.5472469475634814,val
0.05473886751019988,2.905181264107548,0.10701586617892128,val
0.8115189327425293,0.20884756174816016,0.12389721046585807,val
0.5963965611930366,0.5168494620487593,0.09951412486550615,val
0.3910385425534874,0.9389491495493045,0.2849276340105757,val
0.768763577770765,0.26297179787655073,1.2077343415120947,val
0.4954517881428246,0.7022852293550211,0.11892013612970757,val
0.5914003165599829,0.5252621362916969,0.046716737375636454,val
0.36815775295806225,0.9992437561522606,1.1396313831306848,val
0.8723218184268411,0.1365968653293007,0.004920884774370811,val
0.9412518220953113,0.06054456404487553,0.0022302322556378954,val
0.3876305858316962,0.9477024912643308,0.03490976767459267,val
0.5811436774543189,0.5427572593212663,0.01999312020518815,val
0.17880280089625666,1.7214717513975393,2.5483803655787867,val
0.2919132001381974,1.2312987807050013,0.045356380054541526,val
0.40954239954463834,0.8927148412573406,1.7496536145350443,val
0.3252902786539138,1.1230373301980254,0.04136843856430564,val
0.43749837837543815,0.8266822797617644,1.5359384750770377,val
0.751879139677056,0.2851796864634549,0.010504938724673674,val
0.6008598617539683,0.5093935467546632,1.1232000257351153,val
0.48604247964264036,0.7214592522292844,0.3476289550569935,val
0.19811177950669395,1.6189238646189301,1.214091248616272,val
0.2276077099788949,1.4801317021767555,1.4563959008960983,val
0.21755363753213916,1.5253098495133155,2.2393034364278814,val
0.5207598859313504,0.6524662149956132,0.4348250837974807,val
0.25060706829928586,1.383869031414003,2.2677230790991074,val
0.746045432310351,0.29296877941247057,0.021929756913776917,val
0.8731237212292379,0.1356780135626916,0.04943023246034038,val
0.6743153247084391,0.3940574366595147,0.15107344817924862,val
0.26544553788997094,1.326345589700178,2.1755409468680074,val
0.5420790240640622,0.6123434873141994,1.3689340833485333,val
0.2861155759464161,1.2513594380926707,0.36822892143663555,val
0.1534915910873293,1.8741094946454666,2.1980050943333804,val
0.2132092683427869,1.5454811151082075,0.09067467377993792,val
0.5632035217237522,0.5741142210972151,1.2706292458925688,val
0.6065079575075218,0.5000374303089645,1.1581792378369096,val
0.0846547282358816,2.4691743156618746,0.09095502280766418,val
0.5350049904285432,0.625479204225816,1.384087748339989,val
0.5767820199480623,0.5502908655706579,0.12423566828546262,val
0.07216494809732128,2.628800834385189,3.178669685480834,val
0.8324140679352733,0.1834252841546358,0.006756692226208865,val
0.4534015997243277,0.7909770126301342,0.053508503962922525,val
0.548777195715441,0.6000627564304566,1.2100849793948016,val
0.90341670287892,0.10157136702517885,0.006654210427654436,val
0.666638903992908,0.4055067529859382,0.08879642128160604,val
0.2600745987328333,1.3467867709165604,1.0496105198765364,val
0.888812902448774,0.11786852405554182,0.0043418296658021775,val
0.8416170393189881,0.1724301908645441,1.0732959358821255,val
0.49267278170581646,0.7079100540963625,0.12794735784587405,val
0.6570206519422458,0.42003982728950656,0.24948684323770823,val
0.09055382077529041,2.4018109003436754,3.2732557071519355,val
0.2826803273169114,1.2634386052540005,0.8390564062479894,val
0.8987788400114625,0.10671828143645119,0.01941702224079297,val
0.4079680661641555,0.8965663768466707,0.05953303517250703,val
0.4598517127766645,0.7768512049982782,1.6284672802952875,val
0.7823714746207824,0.2454256197441867,0.02194503456075362,val
0.7415380459562357,0.2990288092717018,0.038959216265290565,val
0.33845008592758447,1.0833786541419435,0.9433404606065183,val
0.35777622854025665,1.027847547956262,1.159957269254858,val
0.22640318366759243,1.4854378706159712,1.5263758284340545,val
0.4625610810773114,0.7709766635555745,0.02839985803071054,test
0.32441073816119814,1.1257448556820726,1.1784019641728283,test
0.8453107514535887,0.16805096603008374,0.006190360620213652,test
0.6845045376470029,0.37906000513462307,0.10562925226978116,test
0.4104454316972121,0.890512290235884,0.26080784093985443,test
0.29477590216049954,1.2215398650186147,1.7491985217813169,test
0.3410686454397075,1.0756715156832075,1.290915551491737,test
0.38293949301359753,0.9598782839696473,0.04351516488982984,test
0.8448138612265832,0.16863895846282348,0.023836552283284164,test
0.22465445440249046,1.4931918154742936,2.2243945542441503,test
0.7646825717895822,0.26829447010368923,0.009945408236506833,test
0.4926770574211973,0.7079013755231065,0.02607640349564452,test
0.49433401639964125,0.7045438437203335,1.5374943999757296,test
0.2937182040661574,1.2251344608592107,2.1753345291562085,test
0.5475132068151574,0.6023686955455957,1.5686900671634174,test
0.3126302542769636,1.1627340829620911,0.09646098601897327,test
0.4481746694433644,0.8025722354030298,1.4112852835533967,test
0.4903901189884586,0.7125540434447366,1.0262477901467382,test
0.20358155960358745,1.5916885700992465,2.1073316223114995,test
0.46225772282977484,0.7716327018133068,0.02842402399352502,test
0.6499182757544888,0.43090865360556285,0.4133444283645065,test
0.8987272923713127,0.10677563605598242,0.010017576811948667,test
0.5933842997257395,0.5219130296390058,1.4839605738854493,test
0.8798603785810429,0.12799204480118606,0.06323429931428737,test
0.4849611410242554,0.7236865128540341,1.5369982894505128,test
0.7691145747632608,0.26251532868487626,1.2458061156524916,test
0.4161264999794131,0.8767659784568257,0.6185130646158458,test
0.5592308755856286,0.581192875735498,1.2982780949590975,test
0.38947669832046783,0.9429512400553309,1.859450149208976,test
0.5312343134225893,0.6325520868545869,0.19150838327973926,test
0.1444480863973541,1.93483509966644,2.549714559640476,test
0.2675172398633833,1.3185712666353502,0.048571167644841186,test
0.674234161329415,0.39417780803626046,0.01994904974886682,test
0.24486868715852414,1.407033182902626,1.3929055807797512,test
0.2987499865737382,1.2081482206778797,1.1693473802262773,test
0.3889142882816295,0.9443962982494444,0.03478798005548124,test
0.37185039645653084,0.9892636656601252,1.773991785559101,test
0.37255522102030725,0.9873700077998127,1.974836537168446,test
0.9443700146061265,0.057237225009568675,0.0021084024214779768,test
0.6614935667565478,0.41325502071017256,1.3487648384235573,test
0.8063916784767662,0.215185701067526,0.007926625602872262,test
0.794620191315431,0.22989102525819777,0.1052708423579402,test
0.6501687969683035,0.43052326216190995,0.015858845153534633,test
0.31889215538262766,1.1429023042569961,1.6976414593461624,test
0.9715637561738634,0.028848385788001387,0.001119788476843472,test
0.23371071212130506,1.4536712014261717,1.9737694733877427,test
0.9145886776967773,0.08928084734850109,0.02665405370728126,test
0.17071514502911864,1.7677589300411354,0.09450500799404944,test
0.4686036227407041,0.7579980219509076,0.02792177406730736,test
0.5145737586667869,0.6644163740865076,0.02447458086515237,test
0.432755875431742,0.8375815080526652,0.2731919132612742,test
0.31568603912644505,1.153007106358491,1.3588494884774804,test
0.5462922052424576,0.6046012719552625,0.2599948964223556,test
0.931270325206904,0.07120568380101099,0.05354216408322671,test
0.5700167761416712,0.5620894867591556,0.4984858831345432,test
0.3597466330319255,1.0223552924469896,1.2630489486180179,test
0.5955198498124687,0.5183205577238957,0.04676258568820468,test
0.31323738232436993,1.1607939659074955,1.37205025071167,test
0.7169341341816962,0.3327713056681612,0.012258033588313308,test
0.3624775543010463,1.014792725774006,1.8391631880828245,test
0.9350849974267946,0.06711784748636307,1.0327954746252284,test
0.5169266538186496,0.6598542833607693,0.07145329402943834,test
0.214236657636901,1.5406739981836521,2.0677233480366293,test
0.7657349483074308,0.2669191896068303,0.04929853721693494,test
0.8056070621564934,0.21615917128491097,1.1911301569057273,test
0.1086995858564795,2.2191672948302212,0.6883653181717716,test
0.6750562546304377,0.3929592513889672,1.188034167929778,test
0.49694899903679834,0.6992678757832543,0.6656701173332262,test
0.9107541153669139,0.09348232444661683,0.006736124768841823,test
0.7458316455742983,0.2932553804209387,0.011084679949947905,test
0.2584476745647352,1.3530620250020216,2.058417769734341,test
0.6152938725244348,0.4856552838023684,0.28562821193938787,test
0.4018941392750783,0.9115665601785226,1.2088415398903385,test
0.2724479778175574,1.300307590195449,0.17148835519707792,test
0.6705920984270398,0.3995942278601073,0.046878278546484665,test
0.9775499437826695,0.02270589504403358,0.0008363991106253313,test
0.46806838992533495,0.7591408614216858,1.1333917883988345,test
0.9024280358512828,0.10266633062333642,0.006543588974653141,test
0.9653767465962622,0.03523684285310567,0.009788218402975763,test
0.3844618123531671,0.955910812645834,1.1373933293833156,test
0.37654301410602486,0.9767229909743552,0.035978772886688236,test
0.18935887347787636,1.6641112628969965,1.5801421799057136,test
0.6431868522107878,0.4413200025408761,0.016256556145904977,test
0.9175999391024786,0.08599377953306528,1.0674560603983982,test
0.19093401806065738,1.6558273657986977,0.0609944040266774,test
0.29149905455077335,1.2327185165904233,2.169349607507443,test
0.8004601322979024,0.22256855128603747,0.16806548536114177,test
0.2748113456943201,1.291670432388997,2.2326423310229266,test
0.30113885168253796,1.2001838193290921,0.8309651000544375,test
0.21683276607153112,1.5286288858201045,1.6073892116017707,test
0.34859409386894075,1.05384708846963,1.6845146237511552,test
0.4190988043738793,0.8696485768972724,0.2741527144274195,test
0.21496792378648477,1.5372664536754301,0.24929417777160814,test
0.8196008811347567,0.19893778753896013,0.1177152147200455,test
0.32558347135460675,1.1221364097951974,0.04133525207144956,test
0.4880199455042365,0.7173990020293137,1.2554529702206252,test
0.5548190509260028,0.5891132527640246,0.02170069929918494,test
0.20967499326887953,1.5621965982142996,0.05754540144021753,test
0.8196008811347567,0.19893778753896013,0.007328114053406582,test
0.7030537269596431,0.3523219648290835,1.1686660894567518,test
0.33618450630467805,1.090095143826612,1.5108954599952404,test
0.9420695788228987,0.05967614426418222,0.002198242962513236,test
0.45299890110917435,0.7918655793096075,1.6414629587078755,test
0.4047873912775885,0.9043933095236639,0.03331442157528426,test
0.41859247593407606,0.8708574434889785,0.032079087382509,test
0.3420667437616614,1.0727494037623801,0.03932267093057223,test
0.472368891639431,0.7499950485642721,1.6446930883362103,test
0.5486453396501354,0.6003030577942265,1.31136422358457,test
0.5590015163818984,0.5816030931618469,0.0536043871770902,test
0.6569395071819709,0.4201633390410837,1.2636655138542545,test
0.265695973632506,1.3254025801418554,1.484201145857465,test
0.4880199455042365,0.7173990020293137,0.33739438140132677,test
0.2878026338103423,1.2454803330407156,0.04587877468984989,test
0.39044701151611083,0.9404630128504694,1.304068859337054,test
0.3795225443655278,0.9688412784681247,1.6581868952703311,test
0.30215648495274317,1.1968102337117137,1.7225342843622942,test
0.927664836279957,0.07508477923450556,0.0027658386710345474,test
0.9072503478714706,0.09733684945395718,0.042369671609342276,test
0.18801021309387192,1.6712589926603316,1.7635362433837116,test
0.33618450630467805,1.090095143826612,0.04015497328008447,test
0.5425269458969767,0.6115175249448507,1.530808879870188,test
0.38491074742807824,0.9547437964320243,0.11052179136210459,test
0.4237560047187812,0.8585974499600743,0.04405317162807997,test
0.433344886467302,0.8362213634776297,0.03080322547700564,test
0.5569752329888669,0.585234505054462,0.03482249995158533,test
0.6906392075889218,0.3701377224131647,0.09133125029240657,test
0.09821974885103057,2.3205479753786795,3.0614404969559135,test
0.17038775166055406,1.7696785470967333,1.7234029868164353,test
0.7018871880002183,0.3539825887244817,1.292146374681008,test
0.5149068898076917,0.6637691911539755,0.024450741098953684,test
0.7243371501717998,0.3224983179574479,1.208439680283518,test
0.19956542134825253,1.611613169850724,0.059365720634272784,test
0.28790573438717526,1.2451221635798204,0.06698899039932782,test
0.8771751435171878,0.13104859900359714,0.012108339975478758,test
0.4884533851036063,0.7165112366101248,1.2879058623750028,test
0.3353154275842356,1.0926836152823223,2.019450790233362,test
0.9775499437826695,0.02270589504403358,0.0008592244040150125,test
0.3979322634265419,0.9214734805776919,1.4705119532595325,test
0.2561175493731926,1.362118762653149,1.638874301484423,test
0.5477459734512927,0.6019436516037899,1.4990365115051094,test
0.4046396773426144,0.904758293454497,1.2291509059620638,test
0.3100390442470202,1.1710570402499414,2.1524096034320697,test
0.4650210849243558,0.7656725304994396,1.7529338024948926,test
0.4881298870273313,0.7171737466025428,0.026417962500880333,test
0.5440432552231371,0.6087265220093819,0.23503339328465417,test
0.56323506904032,0.574058208604684,0.07950776092434918,test
0.9326912025866003,0.06968110549429557,0.0025667878121427867,test
0.16238764116899743,1.817768955326525,2.480107260225819,test
0.48396609822319664,0.7257404197121659,0.4508849783322794,test
0.39565336733259326,0.9272167860757686,1.223342606729336,test
0.4434005144205184,0.813281821628027,1.7304319836843893,test
0.9271043671894964,0.07568913378866918,0.04170430355966875,test
0.5645499057947607,0.5717264922234602,0.23981572932937245,test
0.7773500431591902,0.251864524065465,0.08240446166180876,test
0.5840549245891872,0.537760251622148,1.32342380064975,test
0.4877979847486622,0.7178539245154065,0.4304562356930033,test
0.16807788496091514,1.7833278060507722,2.6038259574054465,test
0.37198183258009,0.9889102630518587,1.8694042398157575,test
0.6192675355531907,0.479217893608365,0.3283884484215847,test
0.6607796073008707,0.41433491787373655,1.0601345140831675,test
0.3791629238038089,0.9697892881605206,1.8212332553813593,test
0.5914903768439403,0.5251098647679905,0.22060348024982113,test
0.8338112149328311,0.1817482632387157,0.053504572706019694,test
0.41907408500568644,0.8697075608336733,1.7535544619145014,test
0.7369051896576915,0.3052960386804585,0.1184960207313601,test
0.36193861728298915,1.016280647050828,1.4516778096269458,test
0.7036191519132369,0.3515180466011315,0.2746957600519868,test
0.41473122658799666,0.8801246153411186,0.032420454867917996,test
0.3285490908056286,1.1130690129358691,1.8816553053063103,test
0.7753058414776879,0.2544976933116133,0.017658859004469972,test
0.6791373843636163,0.3869318385121455,1.3593676832256654,test
0.4332933013972622,0.8363404098589756,0.7125389693334959,test
0.794620191315431,0.22989102525819777,0.20768066079435968,test
0.7354456989784975,0.3072785703833212,0.09669303935938867,test
0.1928783310858732,1.6456956977499673,0.06109248325072078,test
0.3767418570086634,0.9761950554883742,1.3893836470161371,test
0.5483538181068601,0.6008345468989835,1.3583813220859096,test
0.27105006601999326,1.3054517297045476,0.04808789363166269,test
0.31049213034127454,1.1695967230464646,2.0316014910333027,test
0.06188052525690591,2.782549764998722,3.5621960899782987,test
0.14175609198249073,1.95364736034897,2.7099900163005253,test
0.38392876364841916,0.9572982549360074,0.4177750320957278,test
0.8660020483654646,0.1438680051044109,0.005299552001073361,test
0.9455775714653442,0.05595935145112546,0.04472242508218271,test
0.42091654596088796,0.8653206930709528,0.031115523467494608,test
0.9211298888170011,0.08215422246761298,0.003026250164231381,test
0.45358409599248867,0.7905745889282265,1.633519761909518,test
0.5518067309376004,0.5945574191261928,1.5149960818308925,test
0.12330156506607791,2.093122175736857,2.7671458333132124,test
0.732305893362462,0.31155696520413656,0.011476577694933944,test
0.7784194783344784,0.25048972486936805,0.00922709202589114,test
0.5740989978990486,0.5549534273264453,0.03923693004842043,test
0.922371145187313,0.08080759283736923,1.0386922136061567,test
0.08432599831935837,2.4730650591556933,2.4666713414670465,test
0.7705297973173029,0.2606769522672018,0.011676004762777917,test
0.9035819827117302,0.10138843403846555,0.015167577456329172,test
0.7891874668538236,0.23675138578362082,1.2351362653863442,test
0.5773125610550219,0.5493714588719952,1.3420797253983636,test
0.2593882449518999,1.349429324426146,0.04970786153168396,test
0.5655299762961086,0.5699919763496796,1.2994624463211,test
0.3909839131411671,0.9390888627046273,0.06580154991884349,test
0.8707022132192346,0.13845525126583785,0.09307112575840511,test
0.3007189809394571,1.2015790684674674,2.0402917713098394,test
0.9503963673235607,0.05087615264162463,0.001874084625995618,test
0.6840228071103018,0.3797640181869648,0.013989066999697257,test
0.35106764772111876,1.0467763455358365,0.14321677180172313,test
0.5617700689035405,0.5766626428698604,0.4624509169044439,test
0.740439549577087,0.3005112832087473,0.011069696636985014,test
0.6927960463253806,0.3670196285553621,1.1497197075697125,test
0.248098243629861,1.3939304675925477,2.3646094776891347,test
0.39985582311150686,0.9166512390702991,0.033765957238204865,test
0.6212593828944013,0.4760065984348062,1.401112879211443,test
0.9537704986770184,0.04733220389934405,0.003517477198895762,test
0.5013332968640231,0.6904841358850992,0.12201172397952212,test
