p_pred,theta_pred,m_pred,set
0.7633499294945415,0.27003872964240283,0.09444493791631292,train
0.7231839002489581,0.3240917319758648,0.05028239150203339,train
0.733088543748627,0.31048878800793395,7.02422242402673,train
0.767791673928611,0.2642368405369994,0.06608999568961066,train
0.7581415673678011,0.27688514644058454,0.046611593025653174,train
0.6849757627503348,0.37837182419212595,0.13469743751636937,train
0.7592075781527412,0.275480049975513,0.04648492822888673,train
0.68031214098303,0.3852035552770221,0.061289494375668906,train
0.6940242303748182,0.3652484050000625,0.052612219919621346,train
0.7429675455357677,0.29710291552018314,0.05076574021971071,train
0.7271821081235408,0.3185783402120566,5.981972842454768,train
0.7564294345162274,0.2791460289990833,1.876979208882503,train
0.7567649252776166,0.2787026084104261,0.05368130648794418,train
0.7415567348345274,0.2990036067309946,0.16398253853955874,train
0.6913081427878887,0.3691696171506454,0.05700002559304618,train
0.6812491866999294,0.3838271268403619,0.07067784022429793,train
0.6948889896597055,0.3640031732834155,0.10529195359096934,train
0.7142377419608975,0.33653940013137446,0.1972520687928233,train
0.7384043058561405,0.3032637644776955,0.048800297801137926,train
0.7554176011401246,0.28048456855144965,3.2365944867289898,train
0.7432568960619804,0.2967135388933832,0.1512861585789431,train
0.7612970313633357,0.272731680108368,3.5390235882230603,train
0.7031312448231053,0.3522117121025985,0.08189314613296912,train
0.7569709772268716,0.27843036547797445,0.11530219444004222,train
0.7312440028492513,0.3130080817014942,0.05100253959339662,train
0.7565840688191282,0.27894162328413313,0.04679511245925078,train
0.7028799598808708,0.3525691558328749,2.5159215926538767,train
0.7511451615171485,0.2861563549280543,0.1461582716363476,train
0.7236870367415443,0.32339624974589737,0.05594202200743035,train
0.6969648847522639,0.36102025004704874,0.08254592690320862,train
0.7529834042868154,0.2837120908848564,0.04721233562525021,train
0.7340547896628712,0.30917160783618136,0.04924227218764031,train
0.7503119265291448,0.2872662568762015,2.3191858354449177,train
0.7536358147858204,0.28284603192115176,0.04713746906745547,train
0.7588913970590869,0.27589659870308453,0.052739973918239126,train
0.739905764030662,0.3012324467976106,0.13567750311760263,train
0.7418081950546996,0.2986645664617876,0.048444183619758996,train
0.7127751182283836,0.338589310521808,0.05800498768890723,train
0.7195490060216536,0.3291306437557576,0.05741147192432428,train
0.7005790256031058,0.35584810643008913,0.23757673218736847,train
0.7409496966327599,0.29982254177614354,0.051440708677194434,train
0.7078583541359509,0.3455112700837754,6.4114916339177555,train
0.7104095179557497,0.3419136893706332,0.05138594722886753,train
0.7122960840977143,0.3392616055593194,6.269447263661523,train
0.7388856954947846,0.3026120445645537,1.864826585154736,train
0.7184786086143256,0.3306193461897324,0.17661508229829712,train
0.7617430063221096,0.2721460422256003,0.08585611676192291,train
0.7186092416804148,0.3304375437113073,2.497769310705419,train
0.7498918727604252,0.28782625249799054,0.21981230124846785,train
0.7169460608253153,0.3327546701868135,0.3313013239815944,train
0.7466795415450327,0.29211917980915375,0.06310294515280895,train
0.7590578732969273,0.27567725509027885,0.24444865645797573,train
0.6795737689496314,0.3862894877079206,2.746968171857829,train
0.7350830178533174,0.3077718366873146,6.065639368431134,train
0.7109580227968577,0.3411418905886727,2.4968346841223523,train
0.7236400265630972,0.3234612111214641,0.0502406101857501,train
0.7515852640644806,0.2855706177227341,0.04956743318515028,train
0.7306826786817477,0.3137760055682375,0.05086287579574173,train
0.7092879979353703,0.34349363191631266,0.06203289608147552,train
0.7620477145862626,0.27174610768861507,0.08624007515561959,train
0.7329890480641607,0.3106245184565469,0.3185795931366873,train
0.7290281366246653,0.3160429515253363,0.16557294326471828,train
0.7312375601691589,0.3130168923152556,0.049520690020422475,train
0.7201234097808468,0.32833267918636344,0.8416306294812489,train
0.7628958700575805,0.2706337313786762,0.05185523066188426,train
0.75029345656831,0.2872908735556346,0.06027042171269915,train
0.756446170381809,0.2791239044231722,2.4540073674275553,train
0.7496084652730644,0.28820425506797626,0.06315533452765054,train
0.7275281555572601,0.31810257888846355,0.05085492127404116,train
0.7430494910375289,0.29699262674175403,0.04831209182489492,train
0.6907391551484476,0.36999301541268415,2.17207163765216,train
0.7086532827525105,0.3443888949767765,0.18741610894367833,train
0.729077081132945,0.3159758171269376,1.6183249616149853,train
0.7578121373253834,0.2773197639972861,0.4103247392084316,train
0.7464789441437639,0.2923878685041559,0.053074767976068055,train
0.6903168830103229,0.37060453607457855,0.10385073369084129,train
0.7163406361022192,0.3335994764079296,0.0518919668255231,train
0.7387760420894781,0.3027604593237895,0.04876184298869321,train
0.6919142755301088,0.36829321032989104,0.13376648231718852,train
0.7503076832088823,0.2872719123004475,0.05585132123932988,train
0.7473905965876474,0.2911673435089013,0.051039837004764756,train
0.7334494228449542,0.30999663695309343,0.049302620357496656,train
0.7255672417696662,0.3208015276037765,0.05006227353374201,train
0.7174256683699859,0.3320859348056257,9.825855435802131,train
0.75197317779876,0.2850546234892069,0.047327623387567366,train
0.7621752058718935,0.2715788207593647,0.049813188969538895,train
0.7046723701989359,0.350022307309202,0.0518395740180037,train
0.6981174796985476,0.359367881358432,0.12435907155450855,train
0.7480281436463316,0.29031467651983917,0.06864454883568238,train
0.7310135753499504,0.3133232484746315,5.507396232603463,train
0.7565038394515663,0.2790476704836363,3.830724202180195,train
0.7160197664477332,0.33404750563197416,3.5990528328086535,train
0.7139182434904333,0.33698682811410047,0.07350723347848656,train
0.7511403928542941,0.28616270347189876,0.04742207634800532,train
0.7663143722453533,0.26616278580471286,0.052885304662807026,train
0.7473049048648868,0.2912820046191692,5.98064732859127,train
0.748412255788233,0.2898013087298724,0.06062096934937915,train
0.7347019883754571,0.30829031998219303,0.05124355924075818,train
0.710270345182008,0.34210961355847863,0.25729262490576466,train
0.7349622160467344,0.307936187829809,2.2551145069573804,train
0.7027459292336478,0.35275986183604,0.05198603750711876,train
0.6844395814041969,0.37915490490730297,0.11615689018052391,train
0.7449034434603838,0.2945006750956176,0.06460412192366911,train
0.6896396836770485,0.37158601535296226,0.05290414690504935,train
0.750290419099324,0.2872949219384478,0.053585439137307025,train
0.7569946832542197,0.2783990490115989,0.06795179700787235,train
0.7408488683482546,0.2999586308331096,0.07054059968569595,train
0.7330396736681439,0.3105554535013343,0.13619749608179146,train
0.7581764956365794,0.27683907659595675,0.3118262197785366,train
0.675456719015923,0.39236619614990276,0.07776327289845314,train
0.7676029102562376,0.2644827234849644,0.07421464265911283,train
0.7096411707651571,0.34299582998952105,0.2886210911698276,train
0.6914658575081511,0.368941503632583,0.1662703266009106,train
0.7011153728133463,0.3550828223039301,1.630021322382056,train
0.7068124375848374,0.3469899416557153,0.05589374498950471,train
0.7199367729134656,0.3285918862259984,0.814227901139257,train
0.7295818492515543,0.3152837182020368,0.04968142974062428,train
0.7234077996162644,0.3237821776363575,0.05026190267105399,train
0.7093225450111875,0.3434449264051408,10.278118379869662,train
0.6858822968725301,0.37704924488061314,0.053142135066372595,train
0.7467475413134832,0.29202811440759774,3.194470388596297,train
0.7037859962262177,0.35128095166939416,2.297158988098889,train
0.699005272365213,0.35809699405114637,0.05226201070585016,train
0.7452127068797711,0.2940855887632439,6.605146650780612,train
0.7209419908028456,0.3271966015181179,3.4267947328012758,train
0.6787993963828967,0.3874296348639217,2.6457496460373364,train
0.6981279685703276,0.35935285696312513,0.8266333373831993,train
0.742209880167356,0.29812321844295564,6.07839208750699,train
0.6883992830666532,0.37338625609408466,0.058078448899292826,train
0.7632436604400836,0.27017795340874134,2.67234943421716,train
0.7495036011191322,0.28834415675572067,0.04760617512443947,train
0.7200018695488897,0.3285014703797271,0.05328388907370735,train
0.7610502219734506,0.27305592858913547,2.5840475631263766,train
0.7054054294503014,0.3489825642289431,0.0517830670278896,train
0.7553973372700493,0.2805113936371187,0.046933711244832844,train
0.7502235438682501,0.2873840583713884,0.11587405806232372,train
0.7466220840643839,0.29219613342614803,1.9053737564708593,train
0.7393888631585718,0.3019312945911833,0.10754750962314609,train
0.7047715947226784,0.3498815077792086,0.06477123510555362,train
0.7112004593785077,0.3408009488623644,0.1508469146629273,train
0.7364361443254916,0.3059327483650741,0.284095002521069,train
0.7386959972496464,0.30286881310346003,0.0570605392201375,train
0.742591766127908,0.29760882519733195,0.04836093870477832,train
0.7440964744616446,0.2955845825801409,0.7206853611029232,train
0.7430049239096431,0.29705260722086824,0.08064856445717197,train
0.7611525079841989,0.27292153648893863,0.09171130240622115,train
0.7564861839492035,0.2790710090411819,4.350332972820387,train
0.7219244736444959,0.3258347527016068,0.06382457514397134,train
0.7148232325382301,0.3357199940730748,0.051912106512251636,train
0.760708248726194,0.2735053734381015,2.267514892834751,train
0.722563296021504,0.324950255882636,0.08765097631224188,train
0.682873723423727,0.3814453216822777,0.05332458760864123,train
0.7331569756249195,0.31039544500986427,0.08023370011200394,train
0.6995381808640131,0.35733490328684214,0.0672185981362608,train
0.7406790548775392,0.30018787183329176,0.07861164057350443,train
0.7423136011250475,0.2979834820774925,0.048390544604178465,train
0.7297334028531806,0.31507601311301986,0.04966680565515496,train
0.6842500394652524,0.3794318733846934,0.4064041719065105,train
0.7474343916503889,0.29110874793671226,0.04783597689084069,train
0.7617443909827253,0.2721442244742777,0.04618005475810203,train
0.7639105161217449,0.26930462217044127,0.2145353578563278,train
0.7142471579172526,0.3365262169939734,0.05540977852583347,train
0.7055885162212365,0.3487230496186582,0.05176888743998032,train
0.7392702704624917,0.30209170031774707,0.04871055103248894,train
0.7474334914941553,0.29110995226552794,0.3077289458883038,train
0.752716146476539,0.28406708576142076,0.057622624991845624,train
0.7387929969524896,0.30273750965096313,0.07122715949650942,train
0.7192448227452735,0.3295534747060027,0.05063640516814319,train
0.7439604355554074,0.2957674235799716,0.053516640770139824,train
0.7243178218315891,0.32252500248976973,0.10932283668014317,train
0.6982749417474456,0.3591423544261068,11.050793442119717,train
0.7021034033410045,0.3536745875970824,0.05203423195268788,train
0.7478597475558961,0.29053982185611377,0.07026466138095568,train
0.721602220954904,0.3262812324184707,0.05042600727970591,train
0.7055653615876939,0.34875586621493276,0.7267879439802696,train
0.7143275265988291,0.3364137010960895,3.167526066480156,train
0.6944138989770396,0.3646871000283614,0.07697891807832495,train
0.7103359138843722,0.34201730268487474,0.0544359064615037,train
0.743836433577128,0.29593411566158456,0.07147379157667808,train
0.7679249494432728,0.26406327268865026,0.15334932939033752,train
0.7071315307794874,0.3465385896825019,3.4917121803626108,train
0.704145560960967,0.35077018146791533,1.5261469309025626,train
0.726561145845388,0.3194326345507899,0.10636944664203624,train
0.7442522070839003,0.29537531357650626,0.06986319730886392,train
0.6881420055483243,0.3737600589337852,0.05820997087872991,train
0.7300460995329389,0.3146475967884587,0.1064469510992271,train
0.7012463671862396,0.35489600264173055,1.0386096469248816,train
0.7389449838019113,0.30253180762267784,0.12617465087861313,train
0.7284559799671407,0.3168280807495965,0.04978950768729732,train
0.7192742860964193,0.32951251125828923,0.052757284419356704,train
0.7337430865998246,0.30959632989467883,2.3363578453241,train
0.7080882413316688,0.34518655840542023,0.05157263015487766,train
0.7316855970267395,0.312404369546189,6.500241152077755,train
0.702648428226111,0.352898614360804,3.2016739365577944,train
0.7568858989178079,0.2785427648870518,0.07567933631769909,train
0.7279405214168785,0.3175359354736298,0.216616621889775,train
0.7132510548762017,0.3379218099184308,0.055669864953933654,train
0.7273399415113041,0.3183613158109176,0.05566018912179366,train
0.7244037217847643,0.3224064152379208,0.05017028964998992,train
0.7618751083200335,0.2719726365710135,0.24675416277204365,train
0.6986033429582665,0.3586721613957378,0.0522910018566878,train
0.7303122699958831,0.3142830691883225,0.049610782976924735,train
0.7118731691732115,0.33985551662145297,0.11158591227023064,train
0.7514675506316945,0.2857272501868442,0.047385033802741054,train
0.7570876939563779,0.27827618819018635,0.05496640829839966,train
0.7517553794545736,0.28534430123012483,0.05201951977127923,train
0.697136631257763,0.36077385980301624,0.05880189070466677,train
0.7445732119349145,0.2949440946412465,0.04839754662413639,train
0.7075894774965976,0.3458911875015403,3.4619196760675583,train
0.7323358981820435,0.3115159929749418,1.337999759870383,train
0.7096330525792789,0.34300726990119523,0.06122792877444319,train
0.7281989820245972,0.3171809411755943,0.04981403924219521,train
0.7099107264028635,0.3426160543131488,0.0902517924324619,train
0.7372227381777857,0.304865209687927,0.05462493500110473,train
0.7044915953678719,0.35027887763951554,0.051853443261128465,train
0.7359081599871828,0.30664995066537076,4.789569927067342,train
0.709241906815564,0.34355861626337253,0.05782685801769703,train
0.7268959354993887,0.31897195406119205,0.060551757541487186,train
0.7466441390134076,0.2921665942205001,0.05972403257955322,train
0.7493172978407725,0.28859275654432587,0.0847444010751043,train
0.6977140351927661,0.35994595186724665,0.7364212294181817,train
0.7083410744424511,0.34482955772680973,0.059821646180473156,train
0.7032337047441528,0.3520660032362614,2.7999055073975043,train
0.713056697672944,0.33819434185147723,0.15141265845053353,train
0.7214864882560551,0.3264416282394045,0.07464022957961168,train
0.7466502501296668,0.2921584094763483,0.04792220439336658,train
0.7652486605588921,0.26755445148955237,1.3911982856237364,train
0.7211202820484106,0.32694932891438927,0.20018758770923922,train
0.7628876974837883,0.27064444400393467,4.666924259964232,train
0.7366048802301303,0.3057036496467576,0.05331502778358018,train
0.7458170469099636,0.2932749542849573,3.1305311790433428,train
0.7028411461227514,0.352624378391551,0.058370105884639444,train
0.6969378811196325,0.3610589954076234,0.10620510525094307,train
0.7082909540850623,0.34490031760855805,0.05155649764806656,train
0.6957958912150929,0.36269892140519594,0.05248991949948712,train
0.7486021244670664,0.289547645595629,5.0076246973151175,train
0.7450633818926509,0.29428598785539206,0.04809525847748012,train
0.7275719415425893,0.31804239610732066,1.382314321539401,train
0.7657200217004467,0.26693868297395745,0.16156406039582047,train
0.7220079978140909,0.3257190628458287,0.05554935738885584,train
0.727498320436873,0.31814358861699227,0.05233600271601724,train
0.7426748379109427,0.2974969640905173,0.0838353017299208,train
0.6940955117597941,0.3651457029306735,2.8946886131547105,train
0.7121774760160333,0.3394281345638249,0.052313711457837135,train
0.726648374657525,0.3193125846735891,7.565099178122068,train
0.7258607574827136,0.320397076653127,0.06183065043361926,train
0.6981422883726567,0.35933234545790843,0.0637266105414482,train
0.6865072082693828,0.376138553801002,0.10753566775360868,train
0.7554216758029927,0.2804791746449894,0.08401660999644366,train
0.7447949911538794,0.29464627813066957,0.09926122444727911,train
0.7113542982469943,0.3405846635232425,8.154427137575338,train
0.7643083912159037,0.2687839178377857,0.04586699822534101,train
0.7383017542275311,0.3034026568836337,0.05813706170845315,train
0.702031640831189,0.35377680356295543,0.05203959433692204,train
0.7520278908085738,0.28498186687888266,0.05049378034758936,train
0.7402101248247013,0.3008211806249806,0.2932245396591849,train
0.7207338540841642,0.3274853442627032,0.0869030878427732,train
0.7471926009114424,0.29143229453698,0.08599394513955982,train
0.7418414370686118,0.2986197553241739,0.048440661684921574,train
0.705507594200329,0.3488377434660844,0.07443138258886696,train
0.7289723446495674,0.3161194837018914,0.06718701328326228,train
0.7168455336509791,0.33289489583032844,0.053525478678691084,train
0.7319285714103517,0.3120723498225705,1.299203819883737,train
0.7138547174605462,0.3370758142928088,0.09187964705987886,train
0.6687929153869272,0.4022808102896907,0.060851464657023006,train
0.7473016406810992,0.2912863725697812,3.562112010540874,train
0.7236930556898266,0.3233879327207929,0.05023574209649921,train
0.7395805546850192,0.3016720714791864,0.35295065151350286,train
0.6886285071299934,0.37305333025614695,0.05382936172941549,train
0.7517483271690957,0.28535368236493275,0.04735317767279342,train
0.7550169590457229,0.2810150676731706,0.17397605667282473,train
0.7068663378879049,0.34691368627998376,5.352608180693146,train
0.7153841425701143,0.33493561822604107,0.050971511091090306,train
0.7368030920505653,0.3054345974557017,0.7524789994392916,train
0.7368962915133208,0.3053081137726395,0.04895519779588939,train
0.7235014942094394,0.32365266766125994,0.05693075409298235,train
0.750131565334114,0.28750666739066283,3.204058006583953,train
0.7365858216860633,0.3057295234783576,0.11012780111574524,train
0.7083096974750723,0.3448738551189488,0.11657620413383997,train
0.7586371481808286,0.2762316815342244,0.06734774604315011,train
0.7355715072348363,0.30710752104941247,1.6867824633805781,train
0.7587975042395642,0.27602033001529513,0.051968585770711485,train
0.7393234370252089,0.30201978527784024,0.06610672687931266,train
0.7269849431584787,0.31884951258677996,0.1695309281214408,train
0.756185797717107,0.2794681688216046,0.046841745711495936,train
0.7145048808519614,0.33616545049214414,0.06158612115976156,train
0.7321488239868186,0.31177147422839646,0.049431309692718244,train
0.7590578732969273,0.27567725509027885,0.06343473941011046,train
0.6976658980278554,0.36001494693272484,0.052758263212076655,train
0.7148757317932833,0.33564655308110863,0.32370165978024334,train
0.7468845863999153,0.29184460859746697,0.05407242702637834,train
0.6915654411329063,0.3687974958649712,0.05944124670378257,train
0.7055502052529891,0.34877734756637074,0.05719014742273571,train
0.763616383391794,0.2696897318973858,0.09356394008053759,train
0.721643194553247,0.3262244526110814,0.2054292546326538,train
0.7374075396222705,0.304614568631339,0.058203397535795155,train
0.685412344803327,0.3777346586105568,0.058831869911253006,train
0.7305745440156229,0.3139240078017151,3.495589612280209,train
0.7678863662326083,0.26411351741634403,0.17404080831974186,train
0.7217465460262847,0.32608124600470384,0.051693073498476065,train
0.7623798413714851,0.2713103680049816,0.2606922840869212,train
0.7069937537095771,0.34673344804739725,0.05741551578207272,train
0.7636525748219399,0.26964233824094047,0.19684668268549926,train
0.7213374197461497,0.3266482626174585,0.07199662013264346,train
0.7504176143417951,0.2871254082956322,0.04750362351731627,train
0.7363203671947738,0.306089973446139,0.07899585146326948,train
0.7473049048648868,0.2912820046191692,2.026124123571656,train
0.7128181062968542,0.338529001497124,0.05118773175492904,train
0.7670988968832587,0.2651395460530413,0.04805786833666114,train
0.752622230794903,0.28419186259987234,0.08343322399909842,train
0.6943450499463972,0.364786251908898,0.06381461404901617,train
0.7602842376708216,0.27406291868588983,0.051629770264883995,train
0.7343224927511048,0.30880698343834334,0.24787906951305627,train
0.7305628350167501,0.3139400350405512,0.049586452155305695,train
0.7044740119576414,0.3503038369573867,0.0518547908951557,train
0.7286642638594967,0.3165421964587743,0.5883237957919636,train
0.7016139842988736,0.3543719061118664,0.06656368248074766,train
0.7350432265681962,0.30782596984122823,0.05003212034012852,train
0.758898900427449,0.27588671147640426,0.05059311277177369,train
0.7623577267937218,0.27133937572175415,1.3915618778763437,train
0.7349001181583472,0.3080206826657933,0.12745063070319684,train
0.749284245240312,0.2886368678034107,0.06361176925791584,train
0.71389309218652,0.3370220586845371,0.06847608604248497,train
0.7429929732328137,0.2970686916000624,6.55131917835469,train
0.6983056198764048,0.35909842122267105,3.443676249259687,train
0.7542366424057285,0.28204911087011647,0.047068235436349116,train
0.7713484857552161,0.25961501563596695,0.07582885198424247,train
0.7211354930952443,0.3269282355035028,0.05946510887994598,train
0.7364003709879418,0.3059813258374344,0.09151651303707507,train
0.7662143225063349,0.26629335398200454,0.3416163682143257,train
0.7479038932877937,0.29048079417191963,0.15866514007433372,train
0.764024358730454,0.2691556071688289,0.048161499120440376,train
0.7376432223162599,0.30429500987163194,1.6114437634417442,train
0.7449176689217,0.2944815782239215,6.597503574135007,train
0.7473564302478736,0.2912130587224677,0.20002455938394043,train
0.727833301630131,0.3176832382829589,0.05051694221112842,train
0.7399219143514544,0.3012106194983528,0.06681407271057357,train
0.7110993261596805,0.34094315969586925,1.980760238833357,train
0.7220525951475011,0.32565729627780265,0.18371817109614197,train
0.7191040394231811,0.3297492315578275,2.2950797262927844,train
0.7009989751184843,0.35524885397645556,0.09848960420384356,train
0.7578127499320078,0.27731895560910325,0.04859803555637814,train
0.6858284363310074,0.3771277753466167,0.0623753593805227,train
0.7008194558838717,0.355504977353954,0.052129555284436364,train
0.7481598105197943,0.2901386734001297,0.608036144815647,train
0.7508359188224033,0.28656813468102554,0.04869431035974547,train
0.7627157481211315,0.2708698621673247,0.0906072264537544,train
0.6892920600523962,0.37209020801311,4.841097398989113,train
0.7438215779526904,0.29595408748887675,0.07542925339678952,train
0.7160804945356574,0.33396269580459675,0.05789230435300794,train
0.74010186382306,0.3009674484423927,0.060255602038473,train
0.6883649656520202,0.37343610836860747,0.7435327289247917,train
0.7438330718033058,0.29593863517860103,0.09202359921774642,train
0.7460092710857841,0.29301725112666666,0.05308121429411051,train
0.7129979970562593,0.33827666774954374,0.05990152283003687,train
0.7604591328829264,0.2738329058957475,0.09859905489694076,train
0.6650054262003535,0.4079600786597933,0.05425977696485132,train
0.7424369680265461,0.2978173034555129,5.909825024825114,train
0.7095456477017915,0.3431304466055533,1.6675926765330904,train
0.7067724161933336,0.3470465656233638,0.08177082245930538,train
0.7454534388799585,0.2937626029585888,0.04805290064764533,train
0.7634184893751569,0.2699489191907139,2.0702305510770613,train
0.70620802180605,0.3478454364387289,0.08389256808706491,train
0.7269203099945186,0.31893842231987646,0.20088886691916621,train
0.7282586838609192,0.3170989589281815,0.05822365507993808,train
0.7066024255509304,0.3472871113557514,3.0685518721110134,train
0.7626485800019137,0.2709579304642198,0.05761980500590609,train
0.7012463671862396,0.35489600264173055,0.07352467324764432,train
0.7408999493244678,0.2998896839567913,0.04854008050425963,train
0.7289633593238464,0.31613180979514316,3.6029149946940042,train
0.7317701450020024,0.31228882389225654,0.061591392299708315,train
0.696908912074625,0.36110056245093564,0.05241180836591048,train
0.7057661400978227,0.34847134268344016,0.07062428935655193,train
0.7268985623306659,0.31896834030246474,6.655983508571567,train
0.7319571763542597,0.3120332689804279,0.049450161034125396,train
0.7204007552837098,0.3279476172581901,0.0537914980539521,train
0.7667600278386059,0.26558139770537315,0.08018538188322892,train
0.7193066358398025,0.3294675367380585,0.08107608099736441,train
0.723423613519453,0.32376031758680984,7.236545390940346,train
0.7370849831452237,0.30505208388111005,0.052494738457361835,train
0.6952276515430296,0.36351593087513656,3.8195586798856294,train
0.7379944277206444,0.3038190049242019,0.05740004505659854,train
0.6863647121136445,0.3763461422207729,0.06465429911863832,train
0.7219532380425038,0.32579490944094996,0.05891129432126692,train
0.6797052719621768,0.3860959983521701,0.05350894250641754,train
0.709109115713564,0.3437458634261393,0.05149105480737386,train
0.759788618207233,0.27471501832602885,0.053791667076354605,train
0.7675432336747378,0.2645604705864581,0.04546501421907547,train
0.724913032210103,0.32170358689497913,0.08966105622261593,train
0.7616760600395881,0.27223393174207394,0.053167934973959226,train
0.758239982845086,0.2767553433875084,0.06854260323833743,train
0.7596697620694215,0.2748714637273596,0.04642974434646517,train
0.7000951676985319,0.3565389993245747,1.927909784080598,train
0.7330723554356487,0.3105108705951697,0.05911555223871748,train
0.6955170653985936,0.3630997310417434,0.1882879073153016,train
0.7540114478637845,0.2823477282462236,0.07914336453395796,train
0.7373982138188546,0.30462721545400595,0.04890383725446939,train
0.7117208889228342,0.3400694543659834,0.1496210505750248,train
0.7315439360959297,0.31259799731004373,0.06379508043999203,train
0.7461097055282866,0.29288263124148556,0.04798137013810648,train
0.7615154358216646,0.2724448365678365,3.2383326901902425,train
0.7203511927504687,0.32801641818305205,0.17482138698990668,train
0.7493675429866739,0.28852570422678536,0.04802652914223954,train
0.7470227539146236,0.29165963391881905,0.04788130113636051,train
0.7164680314687263,0.3334216503384394,0.23867638689095638,train
0.7520673920845138,0.2849293419140107,0.0528956712463684,train
0.7380038551216083,0.3038062306532916,5.050163881048789,train
0.7609141408795735,0.2732347515597136,2.39823653528961,train
0.7457907860017274,0.2933101658300557,1.8882393980063539,train
0.729100603603408,0.31594355429544424,0.2782839102210253,train
0.7377808580988214,0.304108438722648,0.08853233838243758,train
0.7142323404755667,0.33654696274734697,0.0589838170157582,train
0.7506990496634693,0.2867504403378176,0.05214354916764096,train
0.7200980615247997,0.328367879683724,0.08531233208846477,train
0.729131340993293,0.31590139722982313,0.7318327785678476,train
0.7121019885324672,0.339534135507482,0.05124714444347631,train
0.6937102008382311,0.365700983728217,1.4569144010548094,train
0.7092533869803528,0.3435424298652374,0.0682918689134625,train
0.705142126088682,0.3493558991989606,0.05984637235486377,train
0.6998478939697657,0.35689226187947176,0.0522008154741804,train
0.6863637754510354,0.37634750689356505,0.05311226697393503,train
0.720597907608135,0.32767398435243894,0.05051617717188424,train
0.7522600364698241,0.2846732216270217,5.93991635614758,train
0.731491023476493,0.3126703299896063,3.1080326979856445,train
0.6754320364224881,0.3924027388975395,0.05931602389955462,train
0.7479646414836009,0.2903995728688058,0.04777740110584385,train
0.7303849665865959,0.31418353235214286,0.43417044755990425,train
0.7422871261354458,0.2980191482187227,5.205554457137697,train
0.7462076304074285,0.2927513925606442,0.04797066833484292,train
0.7181809332941397,0.3310337454482378,0.050729923872281334,train
0.7238298963528879,0.32319886399027525,3.9183296171588156,train
0.769239045394379,0.2623535055126761,0.04530997919307453,train
0.723178554595508,0.32409912383456835,0.11323188122716715,train
0.7282348678128203,0.3171316621942875,0.06293478041991771,train
0.7201175593837671,0.32834080337836313,0.1648051689103411,train
0.7452962412685338,0.2939735003535045,0.06634852271976915,train
0.7092965151022642,0.34348162393678694,0.05346872470365754,train
0.752548048893296,0.28429043204768584,0.06539803740861251,train
0.7344060463851251,0.30869320661453425,0.049207125110058855,train
0.6954162514630221,0.36324468973174806,1.4942116724893086,train
0.7251834514422361,0.32133061966374116,0.08803449901602434,train
0.7620013228127566,0.2718069873222514,0.07145974210159792,train
0.7564249978436918,0.2791518942990629,0.0491666162056196,train
0.7532113813693996,0.28340937162636975,2.196073771187722,train
0.7213914753169528,0.32657332744285517,0.05156237874286104,train
0.7006349742074092,0.3557682491001728,4.545152001647699,train
0.7160092585176787,0.334062181214482,3.7312294758455744,train
0.6815946023464432,0.3833202225910469,0.05464175025381303,train
0.7144092923992275,0.3362992422266877,0.056391311964671106,train
0.7426119318983625,0.29758166963546184,0.061218239485593316,train
0.7152182617784573,0.33516752164224706,0.05354903940178454,train
0.7554562094805545,0.28043346125159857,0.04692686071738026,train
0.757838369072089,0.2772851494913728,0.04780841900504997,train
0.724502668252016,0.322269834340651,0.05802836907454658,train
0.7553973372700493,0.2805113936371187,0.1727475675764568,train
0.7694283385767525,0.2621074572954975,0.051339710210519904,train
0.7049863990139181,0.34957676853480446,0.05181541970865422,train
0.6966188458599555,0.361516867353665,0.0554269114577829,train
0.7133512022178866,0.33778141010993273,0.1684615811034529,train
0.70063958735583,0.3557616648824223,0.09034540891749579,train
0.7157427125973294,0.33443451654742534,0.07690989309129867,train
0.7603595758345303,0.2739638314925562,0.04634708229035004,train
0.7109087076038447,0.3412112574174736,0.05134524349424459,train
0.7415057381661825,0.2990723788418038,0.04847618921310162,train
0.7053602543844676,0.3490466075585576,1.9336906657622033,train
0.7232229645409645,0.32403771634172085,0.05027881959992036,train
0.6989382258924355,0.3581929156286816,0.052266855693245524,train
0.7687407750650131,0.263001459848839,0.062167323490760734,train
0.7281765784440681,0.3172117073888417,0.050120440428317696,train
0.7238015497180343,0.3232380267688043,0.14485892744953477,train
0.7709537974537294,0.2601268326959552,0.045032754919583654,train
0.7487748332248796,0.28931696385888683,2.4524814466329823,train
0.7410256099408766,0.2997200929595588,0.08081297475814699,train
0.7075723595608711,0.34591537969677777,0.07572879780967853,train
0.6829790418249613,0.3812911053507336,0.07345749087156968,train
0.7563039126440576,0.27931198273136987,0.05934299511229079,train
0.7138613894300593,0.3370664679395934,0.14159916786280338,train
0.6927177323290916,0.3671326754229991,0.11534562386873254,train
0.7571773051525689,0.2781578321608938,0.04672542810644947,train
0.7197221661683443,0.32889002176475,0.22083191700453725,train
0.7496323387049462,0.2881724077065376,4.628587710655683,train
0.7329727392543679,0.31064676843595906,3.290352243175953,train
0.7577480047074941,0.27740439622816754,0.11742930311644947,train
0.7595228881256522,0.2750648216194058,0.5157647941629645,train
0.7236730081059024,0.3234156348818797,0.056941331175028184,train
0.7486644657212458,0.2894643721764211,0.20531373019247687,train
0.7447512119714395,0.2947050600366765,1.5991650219086906,train
0.6990942030490532,0.35796977751824016,0.052255578781496864,train
0.7573412126993738,0.2779413837708439,0.31014608909964303,train
0.7717296123978176,0.25912103331477676,0.204070651229197,train
0.6899365383650428,0.371155659004639,0.0734221286832047,train
0.7188156214307421,0.33015039165620974,1.563111834517534,train
0.7290325403272173,0.31603691103247933,0.04973428454397772,train
0.7348161760166626,0.3081349117072874,0.04916596566603856,train
0.7241075362170458,0.32281536693948354,0.058792408357680376,train
0.7300328606719183,0.31466573123376157,0.049637856857216306,train
0.6879203786356439,0.37408217647314096,0.3547797256955481,train
0.7122724112308019,0.33929484069963345,5.090307654021341,train
0.7169238160590569,0.33278569778090544,0.059455194637172165,train
0.7160925640819624,0.33394584093327706,0.8909273709545183,train
0.7662628992402313,0.2662299576284102,1.9063934224122183,val
0.7200828879399215,0.32838895145930114,0.056544223892721596,val
0.7040034645738673,0.3509720015665062,0.06895091969493404,val
0.7638776847422493,0.26934760113765954,0.05518814555679692,val
0.7057124807040146,0.34854737556561494,0.0553297715704411,val
0.6731441355395996,0.39579580356156674,14.907112127295813,val
0.6779513099077948,0.3886798079157993,0.05740420618546003,val
0.7666461848750359,0.2657298814702557,0.0518299327523403,val
0.7439746955293278,0.29574825611275757,1.7687984060717987,val
0.7078653798703287,0.34550134479367944,0.2776910861037099,val
0.7072674681702743,0.3463463703846851,0.052626325636713656,val
0.7363832699537305,0.3060045485752984,0.049007492025212616,val
0.7021551245241459,0.3536009242621075,8.280566300949609,val
0.7300962319898503,0.31457892888417455,0.04963172172451706,val
0.7510904964980939,0.2862291331486844,3.618157459866873,val
0.7080566758805024,0.34523113781362624,0.9586984050448804,val
0.7157010307103169,0.33449275409566165,0.17652919295604105,val
0.7313327847446278,0.31288667693664535,0.04951138033472117,val
0.7125202102875781,0.33894700192572036,0.0692322450198573,val
0.7509061406841823,0.28647461414414566,0.05449707120068491,val
0.7232737883659687,0.3239674447356175,2.2285389629781056,val
0.7204466630669827,0.32788389394827727,0.050529687531594605,val
0.7634303739903348,0.26993335168372184,0.22356232625163575,val
0.7307686694584112,0.31365832696487916,0.11314989884583285,val
0.7141638920256367,0.3366428023308252,0.061820994462889016,val
0.7027973744358775,0.3526866585386128,11.685567513140308,val
0.7576561946620747,0.27752556528071476,0.05265008443249521,val
0.7645219953953611,0.2685044830715513,0.05181627641612466,val
0.7376965337368215,0.3042227398465532,0.05027080569364134,val
0.7506532443885467,0.2868114590275925,0.04747708249034205,val
0.7094104933111179,0.3433209449404573,0.4184343952880614,val
0.714380263074188,0.3363398770772607,0.09782353297862678,val
0.7452666860519275,0.29401315680284795,0.06103525930098212,val
0.677443748898713,0.38942875713102526,0.05363563976734965,val
0.7391043613099919,0.3023161483698587,2.606028006153519,val
0.7069091180504921,0.3468531672457615,1.9832597125264864,val
0.7106125890630162,0.34162787944882284,0.05275061429507432,val
0.713697826272121,0.3372956187262717,0.13240573176134554,val
0.7609997940374577,0.2731221917677183,0.047962122096820686,val
0.7364617113271176,0.30589803176672975,0.21921700597488464,val
0.7393670862583387,0.3019607475921917,0.04870048115099134,val
0.6776932073798189,0.38906058993911474,5.535084403824018,val
0.7616020449089064,0.2723311104916398,0.07999380082688538,val
0.7569445061995415,0.2784653357621449,0.07684126290160723,val
0.7137822085705504,0.3371773931869043,2.945802771886752,val
0.7091443023230396,0.3436962437897114,0.05929342522871632,val
0.7473304095606784,0.2912478762996414,0.04784743832896156,val
0.7555460080291806,0.2803146016659656,0.05430412014528116,val
0.7029818725172378,0.3524241733969101,0.2374748667956711,val
0.7207188935570288,0.32750610183128875,0.05728102264579394,val
0.7515167063167763,0.2856618394084251,0.04737946107712987,val
0.738865570448065,0.30263928195853823,0.12251942830340959,val
0.7261429598342949,0.32000836917012426,0.05013783828528904,val
0.7246213606745974,0.32210602169179914,2.096650323720257,val
0.7518195335157757,0.2852589658594856,0.0495705974497687,val
0.7580673060613943,0.276983103005498,0.047594890281732874,val
0.7328408922985411,0.31082666436999085,0.04936299625338214,val
0.7404588170054789,0.3004852619383783,0.04858642736134849,val
0.7472374544057995,0.2913722669776961,0.1401785989352554,val
0.6933746516169466,0.36618480305222745,0.07207591288360223,val
0.7554367626685408,0.28045920339531527,0.046929123891183956,val
0.7652037286313381,0.26761316867394075,0.04575651977596071,val
0.705221607283276,0.34924318899123546,0.053958222288797895,val
0.7380653468328489,0.3037229124576478,0.07918205529632413,val
0.7427480295410297,0.2973984175664938,1.7721615680174454,val
0.7026549537736796,0.35288932733046985,0.05581808682641154,val
0.6863647121136445,0.3763461422207729,0.05311220868895219,val
0.7206911067045937,0.32754465693002327,0.05050784292420001,val
0.6930491555207655,0.36665435082035663,1.484133907187277,val
0.7524857085726699,0.2843732744694619,0.04726923018702416,val
0.7596097311917145,0.27495048918384024,0.04806441651592037,val
0.7156580473333773,0.3345528136259526,0.0540772382465394,val
0.695644349951661,0.36291674069710317,0.3113336010771623,val
0.7591021287242792,0.2756189536894969,0.05445999856034977,val
0.7212541193990661,0.32676374970429595,0.07550411522403137,val
0.7581255883975269,0.2769062231620767,0.04661348513733647,val
0.7532774981652416,0.2833215956105191,5.056960072209116,val
0.7194462143121193,0.3292735097059104,0.05061860191331052,val
0.722563248226783,0.32495032202870644,0.057159877422726484,val
0.7597869646810389,0.27471719462605976,0.04641572496816256,val
0.7515844405563017,0.2855717134182851,0.11769569543258075,val
0.7386073059048528,0.3029888850544411,0.054367693705233235,val
0.708098319183603,0.34517232602641684,0.05157182889779018,val
0.7379915694922894,0.303822877899095,0.10266470668383466,val
0.7705630985871229,0.2606337345352743,0.08194215474810923,val
0.6937062621403776,0.36570666147236763,0.09041201863513426,val
0.7369989666418534,0.3051687889079579,0.10257843390862649,val
0.7216828714737481,0.3261694727677252,0.050418731841717065,val
0.7254744920193824,0.32092936644982817,0.05007092297171422,val
0.724936660964768,0.32167099213046185,0.050120945742438625,val
0.706649219187488,0.34722089011801377,0.05253309922662629,val
0.7031513502755762,0.3521831183440718,0.05195545901543211,val
0.7616508057741462,0.2722670884676735,0.04619138786102639,val
0.758648236648722,0.27621706534137824,0.046551496937998926,val
0.7152431730995447,0.3351326918726601,2.5118732795585554,val
0.7476177541724939,0.29086345545840425,0.07465286908736911,val
0.6962814956935024,0.362001252579205,13.325566108291905,val
0.7202541412409023,0.32815115530698646,0.21594285704225694,val
0.6881200808200596,0.37379192020277413,2.711478645160262,val
0.7702167260865871,0.2610833412874188,0.079828538768234,val
0.695625735586695,0.3629434995057062,0.05250177404454463,val
0.7198402465616316,0.3287259713665068,0.06871640424502701,val
0.719449318248487,0.32926919537412275,2.237571862661879,val
0.7414694744513153,0.2991212855457944,2.696043809346967,val
0.7282975605416033,0.31704557728796984,0.11256662875857724,val
0.7000070192218668,0.35666491652919735,0.05218919566027477,val
0.7356365878161221,0.3070190487502903,0.2934466208009999,val
0.7646561003564538,0.2683290882476141,0.08730528796851922,val
0.7425213031521931,0.2977037176027997,0.07914659021321409,test
0.7602332426946894,0.27412999450291914,0.06743843692603305,test
0.6900090478974522,0.371050568581947,0.15619051967232278,test
0.696343369138516,0.3619123938396882,1.194854450595779,test
0.7057275702773649,0.34852599375298987,0.08574051989244727,test
0.6683266193446894,0.40297827382833235,0.30408454984342526,test
0.7612739593193624,0.27276198679898056,0.06886217242422625,test
0.7045417612087119,0.3502076716022317,0.15928146897286755,test
0.7308051153067874,0.3136084549040039,0.07715049221032665,test
0.7013213347376086,0.35478910220286036,1.22771985782099,test
0.7041057128889344,0.3508267737434321,0.2412796406018026,test
0.7131658961179387,0.33804121225490025,0.10241874008500079,test
0.76718948508914,0.26502146107364505,0.08272925061156831,test
0.7580922728838853,0.27695016871172057,0.07411991679106787,test
0.7205846827615653,0.32769233712280754,1.1611390929077436,test
0.7312998040853071,0.3129317746044782,0.07983226368999122,test
0.7667015013050787,0.26565773028032613,0.12280000014939785,test
0.744532446094326,0.29499884675420623,0.1066941456862735,test
0.7489315037720516,0.28910774988432675,0.09962895395124664,test
0.758163818689635,0.27685579704693325,0.10106650615493742,test
0.7652714454927957,0.2675246773835929,1.2513387379113123,test
0.7111791815206019,0.3408308675384978,1.3363277400219005,test
0.7518567440093181,0.28520947316733347,1.2357732878600385,test
0.7682320319009521,0.2636634665939617,0.10154032384980086,test
0.7194868525646028,0.3292170258382035,0.08099034063100112,test
0.7134896139012377,0.3375873987216664,0.12642489148921962,test
0.721654473017468,0.32620882386799593,0.1069930813199497,test
0.7325026851235964,0.3112882723998909,1.2870008481724535,test
0.7034654206132687,0.35173655699287554,1.119608081995225,test
0.6972911245808902,0.36055227310107,0.23644059064945194,test
0.7594934711369676,0.27510355324794805,0.0913655182664196,test
0.758949674849053,0.27581980833145303,1.2704165350898282,test
0.6843566056071202,0.3792761439901785,1.2196763556503274,test
0.7042313311680508,0.3506483813905793,0.10593386969119695,test
0.7456466129593742,0.2935035001837508,0.0755286035055033,test
0.7544806670960729,0.2817256245669695,0.06930703003608944,test
0.731315287512057,0.3129106023537071,0.07697881422491609,test
0.754497007616382,0.281703966830631,0.0920797862018475,test
0.7166176163162875,0.33321289122018893,1.2414746436519188,test
0.7274527426079492,0.31820624066089437,1.2628510297553432,test
0.7137851188790476,0.33717331588919486,0.0829476593320865,test
0.698523003310091,0.3587871683863063,1.1293063022893761,test
0.6949702033578268,0.36388630720284876,0.10101548110361859,test
0.7632503597654815,0.27016917600731133,1.2661909593993321,test
0.7464823732689897,0.2923832747813504,1.1780503348594287,test
0.7682320319009521,0.2636634665939617,0.1161639293365995,test
0.6982053286006027,0.3592420524288338,0.0883767664236486,test
0.7514156718599886,0.28579628917929567,0.07030845003466775,test
0.6918491033653092,0.3683874058633785,1.2917763577351695,test
0.7616095337073104,0.27232127758528685,0.06699347634451049,test
0.7196124499327066,0.3290424758704497,1.283729548139051,test
0.7329313460989197,0.31070324301144153,0.21899109075067025,test
0.7117086961182554,0.3400865859539557,0.08777553985008588,test
0.756867735732576,0.2785667624317209,0.0758611067409406,test
0.722003056905276,0.3257259061574484,0.08805625529558825,test
0.7061680387813745,0.3479020545389672,0.20983145648743728,test
0.740008665312005,0.30109338297139376,0.08394195016633955,test
0.7478091220094187,0.29060751805214596,0.07149205548239251,test
0.7152927733151834,0.3350633469313002,1.2462343544714347,test
0.7234899876569887,0.32366857176656416,0.09713599331504327,test
0.7401200240009783,0.30094291134012635,1.2803345739761134,test
0.7378120370801621,0.3040661791245609,0.07793458788473602,test
0.7074430680976906,0.3460981218224295,0.18748424928323856,test
0.7198367606078608,0.3287308140551841,1.310137315995032,test
0.6894910637436743,0.3718015423205504,0.09146651356504239,test
0.6892184752811851,0.3721969678374201,0.13193531569112005,test
0.6749170601086751,0.39316546957229875,0.10712829149621413,test
0.7544218351482533,0.2818036043539495,0.1918900717166637,test
0.747379838346842,0.2911817380146449,0.07237547677652618,test
0.7107307345411403,0.3414616346345908,1.181962984440575,test
0.7061990929928859,0.34785807983746386,1.3003321663951786,test
0.7631796332815028,0.2702618451560459,0.24627890177404774,test
0.7048597642564584,0.3497564119045556,0.09573983184982034,test
0.7176526725337731,0.33176956996447343,0.08161828937616675,test
0.7453155210967185,0.29394763201048923,1.2822225694507905,test
0.706581875500595,0.34731619468242236,0.0854428984721368,test
0.741861960792253,0.2985920897898467,1.292072194256759,test
0.7306227727876692,0.3138579951263438,0.11499414194906395,test
0.707282350660727,0.3463253283679882,0.3258066996027694,test
0.7037373591143097,0.351350061871712,0.10119290605477238,test
0.7340036582931455,0.3092412663294348,0.17733977590233507,test
0.7654948878177189,0.2672327421330614,0.0721972049702502,test
0.7127563623664503,0.3386156247241805,0.1462420518790572,test
0.7153101673620674,0.33503902984597866,1.295841237470676,test
0.7248598985695078,0.32177688615376765,0.12930321285575574,test
0.7617121961930085,0.2721864899250857,0.13448105538792965,test
0.7235635052595454,0.3235669616975794,0.191234476189298,test
0.7203634638201204,0.3279993834848959,0.08069078969280145,test
0.7556130010928475,0.2802259371861771,1.2774442803469517,test
0.7464659041642,0.29240533730694385,0.07880833549122758,test
0.759630910767878,0.2749226073913447,0.06763342680439266,test
0.7021911106406492,0.3535496746263552,1.3060834335740477,test
0.7118656993384985,0.33986600988658494,1.091354410042628,test
0.7431870299905473,0.29680754320832575,1.283377178374785,test
0.6735181626208736,0.39524031598104625,0.09723266207423112,test
0.7022348091526367,0.3534874449118708,0.3534330139322227,test
0.7056053305252943,0.34869921971875134,0.09751205016110637,test
0.7431565862414826,0.29684850782611194,0.0730273949332644,test
0.7122688687514737,0.3392998142014589,0.08347079698641352,test
0.7527161908544711,0.2840670268043611,0.08387110592583183,test
0.7327898692637708,0.3108962904124144,0.11133994148918547,test
0.720416962794658,0.32792511960183085,1.2951669839522861,test
0.723746400290335,0.3233142237994115,0.15351414676991026,test
0.710141905152769,0.3422904625050558,0.08420652328792891,test
0.7122174510128944,0.3393720054719376,0.08510560571134385,test
0.7237734872796745,0.32327679842159757,0.10298604532417172,test
0.7204051973994556,0.32794145110411843,0.0978105159358926,test
0.6953018189371096,0.36340925583411815,0.08940193583101251,test
