theta,m,t,delta,set
0.1931001671441963,0,0.6071539752746782,0.0,train
0.1931001671441963,0,4.681769531255698,0.0,train
0.9999962731732165,255,0.0013627162581278142,1.0,train
0.1931001671441963,0,2.0153633356067284,0.0,train
0.8481306753421819,5,0.11331620930597638,1.0,train
0.9999962731732165,0,4.217357541481791,0.0,train
0.8481306753421819,0,2.323716244982857,0.0,train
0.999205008097797,771,0.0005820758839880765,1.0,train
0.8481306753421819,4,0.01778746886022687,1.0,train
0.8481306753421819,1,1.1277799128540071,1.0,train
0.9888318608883254,2,0.5122671523666004,1.0,train
0.9999962731732165,0,3.6655503411513806,0.0,train
0.1931001671441963,0,2.417838455916228,0.0,train
0.8481306753421819,0,2.7950273095551212,0.0,train
0.999205008097797,497,0.0013427550312697751,1.0,train
0.9888318608883254,7,0.023579697446141513,1.0,train
0.8481306753421819,1,1.791972381810954,0.0,train
0.1931001671441963,0,5.332667721545006,0.0,train
0.9999962731732165,39,0.021218579942938857,1.0,train
0.999205008097797,46,0.01626337454123006,1.0,train
0.9888318608883254,36,0.030430405532161087,1.0,train
0.9999962731732165,92,0.011667509833775342,1.0,train
0.9999962731732165,275,0.003054604050542518,1.0,train
0.9888318608883254,4,0.37000067363332884,1.0,train
0.8481306753421819,2,1.1467055464982865,1.0,train
0.1931001671441963,0,2.5703458070469303,0.0,train
0.1931001671441963,0,5.5068140326257655,0.0,train
0.9999962731732165,108,0.007036842919062722,1.0,train
0.9999962731732165,0,0.7028903136566005,0.0,train
0.8481306753421819,2,0.30500744309623157,1.0,train
0.8481306753421819,0,2.075019440824799,0.0,train
0.9888318608883254,0,4.154877729431856,0.0,train
0.999205008097797,0,2.4045291254806926,0.0,train
0.999205008097797,6,0.04532543014030943,1.0,train
0.8481306753421819,10,0.01134415264390283,1.0,train
0.999205008097797,72,0.005944410410085706,1.0,train
0.999205008097797,10,0.01788279058628894,1.0,train
0.9888318608883254,0,2.0453862316271474,0.0,train
0.8481306753421819,3,0.32247560693805916,1.0,train
0.8481306753421819,2,0.3514705370620967,1.0,train
0.1931001671441963,0,2.023463567002443,0.0,train
0.1931001671441963,0,1.987036637601471,0.0,train
0.1931001671441963,0,5.966759187144764,0.0,train
0.8481306753421819,0,4.2349288177659465,0.0,train
0.9888318608883254,0,2.0196578227602835,0.0,train
0.1931001671441963,0,0.9573374700266619,0.0,train
0.9999962731732165,3942,0.0004583756380340291,1.0,train
0.1931001671441963,0,4.563261929090082,0.0,train
0.999205008097797,15,0.009110667691376362,1.0,train
0.9888318608883254,27,0.0809250649605052,1.0,train
0.1931001671441963,0,4.4118778384463475,0.0,train
0.8481306753421819,0,2.9155456923793217,0.0,train
0.9888318608883254,13,0.08779118390903246,1.0,train
0.8481306753421819,2,0.39539762155374997,1.0,train
0.9888318608883254,0,5.503689159745106,0.0,train
0.9999962731732165,0,4.546513033361739,0.0,train
0.999205008097797,58,0.0002790729929783281,1.0,train
0.9888318608883254,34,0.003416002865494812,1.0,train
0.8481306753421819,1,0.19038072936273415,1.0,train
0.9999962731732165,508,0.00468818457014779,1.0,train
0.999205008097797,4,0.01924018514778063,1.0,train
0.999205008097797,0,5.829220830620026,0.0,train
0.8481306753421819,1,0.4299280180235286,1.0,train
0.1931001671441963,0,5.746099338252064,0.0,train
0.9999962731732165,2729,0.00044088732572901683,1.0,train
0.999205008097797,9,0.16746475272245362,1.0,train
0.999205008097797,0,4.7976609254023135,0.0,train
0.1931001671441963,0,0.6664461656687897,0.0,train
0.9888318608883254,51,0.018548874264751856,1.0,train
0.999205008097797,138,0.00016943070457785053,1.0,train
0.9999962731732165,15,0.061510101164767635,1.0,train
0.999205008097797,42,0.00415854964493501,1.0,train
0.8481306753421819,2,0.5094371056047777,1.0,train
0.9888318608883254,0,2.054396424972974,0.0,train
0.999205008097797,3,0.13581295983034392,0.0,train
0.9999962731732165,9,0.022772567073812987,1.0,train
0.1931001671441963,0,5.569709166526885,0.0,train
0.999205008097797,1702,0.0002153578343309585,1.0,train
0.9888318608883254,0,0.21832921811437855,0.0,train
0.9999962731732165,738,2.4346425597897196e-05,1.0,train
0.8481306753421819,0,2.7481385896711656,0.0,train
0.999205008097797,2,0.09062720584560462,1.0,train
0.9999962731732165,74,0.007461727217800216,1.0,train
0.1931001671441963,0,3.1864096465731637,0.0,train
0.9999962731732165,10,0.032942472722701975,1.0,train
0.999205008097797,164,0.007650153737632683,1.0,train
0.8481306753421819,0,3.706121912913332,0.0,train
0.8481306753421819,0,4.11763849301852,0.0,train
0.1931001671441963,0,2.777357479817275,0.0,train
0.9999962731732165,4752,1.4147138306782873e-07,1.0,train
0.9999962731732165,3,0.1645417245031026,1.0,train
0.9999962731732165,8,0.06976183683137271,1.0,train
0.9999962731732165,5,0.11132949537809501,1.0,train
0.8481306753421819,3,0.0146234512984778,1.0,train
0.999205008097797,4,0.17749431036866084,1.0,train
0.999205008097797,15,0.017247900259492802,1.0,train
0.9888318608883254,0,1.0741343457748338,0.0,train
0.1931001671441963,0,0.3643461744393779,0.0,train
0.9999962731732165,27,0.013621891437323539,1.0,train
0.9999962731732165,51,0.00836944777579911,1.0,train
0.9999962731732165,0,4.037645246345376,0.0,train
0.9888318608883254,10,0.24374473481333522,1.0,train
0.999205008097797,10,0.02155539221406627,1.0,train
0.8481306753421819,2,0.07458404617491127,1.0,train
0.9888318608883254,1,0.5192991518337609,1.0,train
0.999205008097797,1,0.40365254626674274,1.0,train
0.8481306753421819,0,1.0174407837265365,0.0,train
0.1931001671441963,0,0.6524264653835288,0.0,train
0.9888318608883254,183,0.002232384520345766,1.0,train
0.9999962731732165,663,0.0019962422510321036,1.0,train
0.999205008097797,0,4.1524420997677005,0.0,train
0.999205008097797,0,1.8142912754817968,0.0,train
0.9888318608883254,0,3.593674967167641,0.0,train
0.1931001671441963,0,1.4406115259000443,0.0,train
0.1931001671441963,0,2.7705634132935595,0.0,train
0.9999962731732165,0,5.690063566497335,0.0,train
0.9888318608883254,16,0.07535269703114,1.0,train
0.9999962731732165,10,0.019580732637076836,1.0,train
0.1931001671441963,0,1.7256731383557016,0.0,train
0.9888318608883254,108,0.03113909508562727,1.0,train
0.999205008097797,14,0.1031768777930382,1.0,train
0.999205008097797,1,0.20374331906177137,1.0,train
0.999205008097797,0,4.792762639204367,0.0,train
0.1931001671441963,0,1.3530026701718385,0.0,train
0.8481306753421819,1,0.8250672927413341,1.0,train
0.9999962731732165,4,0.020852995256119302,1.0,train
0.8481306753421819,1,1.6777770440786552,1.0,train
0.9888318608883254,3,0.013118588007331745,1.0,train
0.1931001671441963,1,1.679477762325909,1.0,train
0.999205008097797,2,0.014867288059508486,1.0,train
0.9888318608883254,0,5.123687181979004,0.0,train
0.9888318608883254,14,0.03043355623845054,1.0,train
0.9888318608883254,81,0.0014499689160016294,1.0,train
0.999205008097797,50,0.0012299866891576693,1.0,train
0.9888318608883254,1,1.7062466842326507,1.0,train
0.9888318608883254,23,0.030537646401548373,1.0,train
0.9999962731732165,637,0.0014686035474077807,1.0,train
0.9888318608883254,2,0.2604524272240597,1.0,train
0.999205008097797,0,5.0588230416672175,0.0,train
0.9999962731732165,89,0.0012302101276713549,1.0,train
0.1931001671441963,0,1.2359619710871443,0.0,train
0.8481306753421819,0,3.3754944160600115,0.0,train
0.1931001671441963,0,4.650913858404634,0.0,train
0.999205008097797,0,5.06389576805957,0.0,train
0.8481306753421819,5,0.018831761149571587,1.0,train
0.9999962731732165,49,0.010660687489709537,1.0,train
0.8481306753421819,1,0.6483376502087772,0.0,train
0.9999962731732165,0,2.809760333179574,0.0,train
0.8481306753421819,0,3.9322507396865842,0.0,train
0.9999962731732165,7,0.03807300827496105,1.0,train
0.8481306753421819,0,3.194117751031304,0.0,train
0.9999962731732165,0,1.0850341545180575,0.0,train
0.9999962731732165,59,0.0538847982809208,1.0,train
0.9888318608883254,155,0.0021437974851885875,1.0,train
0.8481306753421819,0,2.740406477672286,0.0,train
0.1931001671441963,0,0.18326932884374436,0.0,train
0.1931001671441963,0,5.2819495011661015,0.0,train
0.8481306753421819,0,5.569682576577486,0.0,train
0.8481306753421819,5,0.228161577969089,1.0,train
0.9888318608883254,22,0.09273618806780556,1.0,train
0.9999962731732165,10,0.08115657096009092,1.0,train
0.999205008097797,24,0.17627579900128054,1.0,train
0.8481306753421819,0,1.318249097512587,0.0,train
0.999205008097797,24,0.18232421509567556,1.0,train
0.9888318608883254,41,0.00862904235731317,1.0,train
0.9888318608883254,0,1.5945350377835934,0.0,train
0.1931001671441963,0,0.5636773108268769,0.0,train
0.999205008097797,1,1.213638756302719,1.0,train
0.8481306753421819,4,0.259701332838998,1.0,train
0.9888318608883254,5,0.07504391151706417,1.0,train
0.9888318608883254,23,0.052992520263831284,1.0,train
0.8481306753421819,0,3.263671500170429,0.0,train
0.9999962731732165,5795,7.853959198441728e-05,1.0,train
0.8481306753421819,0,0.8866980883113129,0.0,train
0.999205008097797,687,0.0003352565612950154,1.0,train
0.999205008097797,0,3.112932903341391,0.0,train
0.999205008097797,89,0.01700167244097149,1.0,train
0.9999962731732165,0,3.0882341433759697,0.0,train
0.9999962731732165,90,0.017543754894167388,1.0,train
0.9999962731732165,44,0.0016538699245804526,1.0,train
0.9888318608883254,22,0.03584277592373463,1.0,train
0.999205008097797,3,0.18336108621881772,1.0,train
0.9888318608883254,3,0.49999655845263796,1.0,train
0.9999962731732165,13,0.024617981983374736,1.0,train
0.9999962731732165,5063,0.0006350193334111609,1.0,train
0.9888318608883254,3,0.7489309651638173,1.0,train
0.8481306753421819,2,0.032505832312050495,1.0,train
0.8481306753421819,9,0.006029212959015515,1.0,train
0.9999962731732165,26,0.04981745522060773,1.0,train
0.9999962731732165,0,5.424859287863815,0.0,train
0.8481306753421819,0,1.700087717135595,0.0,train
0.8481306753421819,4,0.23550965295460308,1.0,train
0.999205008097797,17,0.006556356750716308,1.0,train
0.9999962731732165,53,0.007874333756813255,1.0,train
0.1931001671441963,0,2.688758257901077,0.0,train
0.1931001671441963,0,2.1894802082246128,0.0,train
0.9999962731732165,57,0.02538215666522147,1.0,train
0.9888318608883254,66,0.022541394118974222,1.0,train
0.1931001671441963,0,3.2177916278682455,0.0,train
0.999205008097797,1,1.3547647975699957,1.0,train
0.9999962731732165,1,0.6348346886020408,1.0,train
0.1931001671441963,0,0.7085475249072615,0.0,train
0.9888318608883254,0,1.062383788830179,0.0,train
0.9999962731732165,5309,1.394419347047595e-05,1.0,train
0.8481306753421819,1,0.5890326736582081,1.0,train
0.1931001671441963,0,2.30569437067831,0.0,train
0.999205008097797,22,0.008592586176705889,1.0,train
0.999205008097797,16,0.013298185958425328,1.0,train
0.8481306753421819,0,5.47044030017406,0.0,train
0.9999962731732165,17,0.01046263859179677,1.0,train
0.9888318608883254,4,0.09565063292148493,1.0,train
0.1931001671441963,0,2.7401041012722835,0.0,train
0.1931001671441963,0,2.2341473387883064,0.0,train
0.1931001671441963,0,0.6816608103680033,0.0,train
0.999205008097797,59,0.03894116612824844,1.0,train
0.9888318608883254,97,0.0025057223453172515,1.0,train
0.8481306753421819,0,1.256041709837658,0.0,train
0.8481306753421819,0,4.846153432363739,0.0,train
0.9888318608883254,2,0.38022484321846084,1.0,train
0.999205008097797,70,0.03078595689762942,1.0,train
0.999205008097797,12,0.011339456479912476,1.0,train
0.999205008097797,48,0.010502545824374017,1.0,train
0.1931001671441963,0,5.100326234167548,0.0,train
0.9999962731732165,467,0.0010297425210439534,1.0,train
0.999205008097797,0,5.111739954723528,0.0,train
0.1931001671441963,0,4.299160888543256,0.0,train
0.8481306753421819,19,0.010301791431035632,1.0,train
0.1931001671441963,0,0.9590594033871835,0.0,train
0.999205008097797,0,4.5437012228681315,0.0,train
0.999205008097797,376,0.0009667096690367192,1.0,train
0.1931001671441963,0,4.878279845951896,0.0,train
0.999205008097797,7,0.1660791290303498,1.0,train
0.9888318608883254,45,0.0008247148162856571,1.0,train
0.999205008097797,4,0.06115500490850212,1.0,train
0.1931001671441963,0,5.230533165230588,0.0,train
0.1931001671441963,0,5.284347270564476,0.0,train
0.1931001671441963,1,0.7843063729750931,1.0,train
0.9888318608883254,89,0.021348607452132937,1.0,train
0.8481306753421819,0,3.2934723412622615,0.0,train
0.1931001671441963,0,4.413718699120289,0.0,train
0.8481306753421819,8,0.010900139602463934,1.0,train
0.1931001671441963,0,2.1866994563466853,0.0,train
0.9999962731732165,5,0.10917862603524278,1.0,train
0.999205008097797,8,0.021425647239519466,1.0,train
0.999205008097797,136,0.0013252218026147066,1.0,train
0.9999962731732165,0,3.575316363827925,0.0,train
0.9888318608883254,9,0.08429462594751383,1.0,train
0.1931001671441963,0,1.803638049224579,0.0,train
0.1931001671441963,0,5.502189402443934,0.0,train
0.9999962731732165,49,0.03720888140621666,1.0,train
0.1931001671441963,0,4.910789117630855,0.0,train
0.9999962731732165,459,0.0010089828149232951,1.0,train
0.1931001671441963,1,0.17106337846945177,1.0,train
0.999205008097797,3,0.0026350121386122458,1.0,train
0.1931001671441963,0,3.377241804604144,0.0,train
0.9888318608883254,98,0.02739001865952745,1.0,train
0.999205008097797,17,0.04935807767406555,1.0,train
0.1931001671441963,0,3.3962223297865517,0.0,train
0.999205008097797,208,0.004870113957139434,1.0,train
0.8481306753421819,2,0.2741100051345666,0.0,train
0.9999962731732165,17,0.055748174014093176,1.0,train
0.999205008097797,54,0.02399885649583537,1.0,train
0.8481306753421819,0,3.68273339253831,0.0,train
0.9999962731732165,6,0.508383336163548,1.0,train
0.9999962731732165,74,0.018371013549741837,1.0,train
0.9999962731732165,753,0.0009392145217257487,1.0,train
0.9999962731732165,296,0.00043737850925538036,1.0,train
0.9999962731732165,3,0.2902276165372423,1.0,train
0.999205008097797,309,0.0007326938824240202,1.0,train
0.1931001671441963,1,0.5657889328361356,1.0,train
0.999205008097797,92,0.0096573291043929,1.0,train
0.8481306753421819,13,0.13456883075171236,1.0,train
0.9888318608883254,23,0.011783824470874974,1.0,train
0.1931001671441963,0,0.8083832889703362,0.0,train
0.9999962731732165,518,0.0050062673424672655,1.0,train
0.1931001671441963,1,0.3013979116877666,1.0,train
0.1931001671441963,0,5.550958591451812,0.0,train
0.1931001671441963,0,5.271514777187955,0.0,train
0.999205008097797,11,0.0983447195514756,1.0,train
0.8481306753421819,2,0.8222943618794025,1.0,train
0.1931001671441963,0,0.9747756301676485,0.0,train
0.9999962731732165,1223,0.0009249149368270482,1.0,train
0.9888318608883254,61,0.011154691761677049,1.0,train
0.9888318608883254,0,2.9961850877972185,0.0,train
0.999205008097797,597,0.001840610622944727,1.0,train
0.1931001671441963,0,5.704436219855363,0.0,train
0.8481306753421819,4,0.29445481367201215,1.0,train
0.999205008097797,67,0.006419373798500886,1.0,train
0.8481306753421819,3,0.12795342275439722,1.0,train
0.8481306753421819,0,1.116819702861402,0.0,train
0.8481306753421819,0,0.2876860457047403,0.0,train
0.8481306753421819,0,1.234992425272941,0.0,train
0.9999962731732165,802,0.0003283391278845234,1.0,train
0.9888318608883254,60,0.03304681454214972,1.0,train
0.1931001671441963,0,2.6241160867732214,0.0,train
0.9888318608883254,0,2.1907192247010756,0.0,train
0.9999962731732165,22,0.0005081547060583633,1.0,train
0.9999962731732165,4,0.32467738558664294,0.0,train
0.9888318608883254,2,0.16340351919722695,0.0,train
0.999205008097797,27,0.041979903140720004,1.0,train
0.9999962731732165,3,0.29342549750559427,1.0,train
0.9888318608883254,0,2.9024432485880753,0.0,train
0.8481306753421819,4,0.13613479239464696,1.0,train
0.9999962731732165,21,0.026445480336690454,1.0,train
0.8481306753421819,0,5.3942571680345806,0.0,train
0.999205008097797,2,0.5005149579574711,1.0,train
0.999205008097797,947,0.0006635855521016143,1.0,train
0.1931001671441963,0,5.5092376589359855,0.0,train
0.9999962731732165,149,0.0031616727708399374,1.0,train
0.1931001671441963,1,0.252934856405233,1.0,train
0.8481306753421819,1,0.016139264146579572,1.0,train
0.8481306753421819,5,0.17864259863961973,1.0,train
0.8481306753421819,0,1.2910230015020867,0.0,train
0.9999962731732165,13,0.03206175490944606,1.0,train
0.1931001671441963,0,3.3531143277912046,0.0,train
0.1931001671441963,0,2.906799071610961,0.0,train
0.9999962731732165,12,0.03101534779348101,1.0,train
0.9888318608883254,0,0.5474674425168056,0.0,train
0.1931001671441963,0,0.5919428454530529,0.0,train
0.9888318608883254,5,0.27884533098683806,1.0,train
0.9888318608883254,0,3.7697070556993824,0.0,train
0.999205008097797,21,0.036217040445538896,1.0,train
0.8481306753421819,1,1.8285181239762835,1.0,train
0.9999962731732165,4096,7.81406949381546e-05,1.0,train
0.9888318608883254,78,0.004004617351121022,1.0,train
0.9888318608883254,0,4.840869919232974,0.0,train
0.9999962731732165,267,0.008494866922956866,1.0,train
0.9999962731732165,725,0.0006081379042204585,1.0,train
0.1931001671441963,0,4.290780860659343,0.0,train
0.1931001671441963,0,1.029439593353782,0.0,train
0.9888318608883254,1,0.6694988209457015,1.0,train
0.1931001671441963,0,2.346293410222154,0.0,train
0.1931001671441963,0,3.99987250232522,0.0,train
0.999205008097797,69,0.003156646583158091,1.0,train
0.1931001671441963,0,0.3491845640746529,0.0,train
0.8481306753421819,13,0.15079071080445794,1.0,train
0.8481306753421819,1,0.5134272733805783,1.0,train
0.1931001671441963,1,0.7643498673841029,1.0,train
0.999205008097797,40,0.003999894483268992,1.0,train
0.1931001671441963,0,3.7320731065504136,0.0,train
0.9999962731732165,274,0.005940430067719487,1.0,train
0.9888318608883254,12,0.009990485284736629,1.0,train
0.999205008097797,11,0.0003652999751752967,1.0,train
0.8481306753421819,9,0.15243634507819626,1.0,train
0.9999962731732165,2150,0.0002012166741081603,1.0,train
0.9999962731732165,17,0.011712058471272858,1.0,train
0.9888318608883254,25,0.034656048428854676,1.0,train
0.999205008097797,5,0.5990691883714381,1.0,train
0.1931001671441963,1,0.6691652284387074,1.0,train
0.999205008097797,1392,0.00020851945395552825,1.0,train
0.8481306753421819,2,0.7308440645479044,1.0,train
0.1931001671441963,0,0.5674396236409232,0.0,train
0.9999962731732165,845,0.00013229599088915878,1.0,train
0.999205008097797,3420,0.000542019686666142,1.0,train
0.1931001671441963,1,0.1562982884828622,1.0,train
0.9888318608883254,3,0.10216099632579888,1.0,train
0.999205008097797,0,3.171081607998696,0.0,train
0.8481306753421819,0,3.4734440686714274,0.0,train
0.999205008097797,8,0.23762838750198648,1.0,train
0.999205008097797,0,1.685007577204333,0.0,train
0.9888318608883254,1,0.8270152637651281,1.0,train
0.9999962731732165,0,4.953015707179557,0.0,train
0.999205008097797,0,0.8680147105210057,0.0,train
0.9888318608883254,34,0.009894178232835739,1.0,train
0.9888318608883254,8,0.006145884994172322,1.0,train
0.8481306753421819,0,1.9964044261571634,0.0,train
0.8481306753421819,1,0.6705777159903512,1.0,train
0.8481306753421819,0,4.813724859274025,0.0,train
0.1931001671441963,0,4.859128493304271,0.0,train
0.8481306753421819,4,0.03879286672935153,1.0,train
0.1931001671441963,0,4.935986933594513,0.0,train
0.999205008097797,1,0.6120709717686529,1.0,train
0.9888318608883254,6,0.3906260294159346,1.0,train
0.9888318608883254,32,0.06565336686517363,1.0,train
0.9999962731732165,15,0.014678654480583692,1.0,train
0.9888318608883254,1,0.6049199932991283,1.0,train
0.9888318608883254,0,3.8442848088978847,0.0,train
0.1931001671441963,1,0.27258735372929677,1.0,train
0.9888318608883254,0,1.6751425781142837,0.0,train
0.9999962731732165,4052,3.57992026366815e-05,1.0,train
0.9999962731732165,1101,0.000229434879255655,1.0,train
0.999205008097797,604,0.0007320685893844734,1.0,train
0.999205008097797,26,0.023008040436953196,1.0,train
0.8481306753421819,0,3.4429525024086725,0.0,train
0.8481306753421819,0,5.421409560198088,0.0,train
0.8481306753421819,3,0.043990820740375795,1.0,train
0.9999962731732165,5188,0.00032335856358948133,1.0,train
0.9999962731732165,1141,0.001712104023596033,1.0,train
0.999205008097797,19,0.06815303833407142,1.0,train
0.9888318608883254,0,2.5883750026323984,0.0,train
0.9999962731732165,9,0.14427948700666826,1.0,train
0.8481306753421819,0,4.277033297087715,0.0,train
0.9999962731732165,37,0.06335696786535795,1.0,train
0.999205008097797,50,0.024322661921423655,1.0,train
0.1931001671441963,0,1.4595642135650124,0.0,train
0.8481306753421819,6,0.009312790636597928,1.0,train
0.8481306753421819,4,0.11948279592866874,1.0,train
0.9888318608883254,3,0.12244984840070994,1.0,train
0.9999962731732165,3645,0.0003470508425180953,1.0,train
0.9888318608883254,0,4.773981204045059,0.0,train
0.1931001671441963,0,5.875489284308667,0.0,train
0.9888318608883254,5,0.23370407684833353,1.0,train
0.8481306753421819,5,0.31880531842370674,1.0,train
0.1931001671441963,0,4.346757609462301,0.0,train
0.9888318608883254,8,0.4470637239786936,1.0,train
0.9888318608883254,3,0.1440825689764596,1.0,train
0.9888318608883254,7,0.06271288350467806,1.0,train
0.8481306753421819,1,0.4170933451553007,0.0,train
0.1931001671441963,0,3.0854807560403854,0.0,train
0.9888318608883254,31,0.013822361357196422,1.0,train
0.9888318608883254,0,5.950645512587251,0.0,train
0.8481306753421819,2,0.22623665247761918,1.0,train
0.9999962731732165,516,0.002635389067878727,1.0,train
0.9888318608883254,127,0.012583851254950427,1.0,train
0.999205008097797,0,0.29623582143087424,0.0,train
0.999205008097797,33,0.010304803859767737,1.0,train
0.999205008097797,3,0.23049866611971892,1.0,train
0.9999962731732165,498,0.00334972887649046,1.0,train
0.9999962731732165,527,0.004930713621312721,1.0,train
0.8481306753421819,0,3.5945141894521937,0.0,train
0.1931001671441963,0,1.8516390242590408,0.0,train
0.1931001671441963,0,5.708669130566594,0.0,train
0.999205008097797,4,0.1514002179430858,1.0,train
0.999205008097797,0,1.1814244920355481,0.0,train
0.8481306753421819,0,4.1546514210775305,0.0,train
0.8481306753421819,0,5.528835620405001,0.0,train
0.9999962731732165,2698,0.0003103650532175323,1.0,train
0.9888318608883254,3,0.0014298869318434071,1.0,train
0.9888318608883254,1,0.4433334394936918,1.0,train
0.9888318608883254,1,2.9531614241623125,1.0,train
0.1931001671441963,1,0.019993455360505265,1.0,train
0.1931001671441963,0,3.6032983548929973,0.0,train
0.1931001671441963,0,2.434011056871037,0.0,train
0.9999962731732165,14,0.034593019087073094,1.0,train
0.9888318608883254,0,0.9686419692942438,0.0,train
0.8481306753421819,2,0.14594124312879211,1.0,train
0.8481306753421819,1,0.11416754957565431,1.0,train
0.9999962731732165,6,0.06925562201663069,1.0,train
0.999205008097797,0,2.3778854296133054,0.0,train
0.9888318608883254,5,0.052354206384730685,1.0,train
0.1931001671441963,0,0.9653531489277012,0.0,train
0.9999962731732165,360,0.0006261084985041272,1.0,train
0.1931001671441963,0,4.696847193129765,0.0,train
0.9888318608883254,17,0.0022742237536128177,1.0,train
0.999205008097797,168,0.0074926358737603315,1.0,train
0.8481306753421819,3,0.3682123152443172,1.0,train
0.9888318608883254,54,0.016350961393690525,1.0,train
0.8481306753421819,0,5.7837624221693975,0.0,train
0.9999962731732165,6575,0.0002582773954972496,1.0,train
0.8481306753421819,2,0.11391273645738292,1.0,train
0.9999962731732165,1443,0.001676428218650209,1.0,train
0.999205008097797,3,0.0455391519550626,1.0,train
0.9999962731732165,32,0.0009915628750442537,1.0,train
0.999205008097797,74,0.007419240529715781,1.0,train
0.999205008097797,1,0.044997779695379006,1.0,train
0.999205008097797,3,0.14939812239750405,0.0,train
0.9999962731732165,77,0.04961915723540601,1.0,train
0.9999962731732165,146,0.0006411165840147134,1.0,train
0.1931001671441963,0,4.27419058796529,0.0,train
0.1931001671441963,0,5.776021559495087,0.0,train
0.9888318608883254,19,0.05551271391868658,1.0,train
0.999205008097797,14,0.011655379195000422,1.0,train
0.8481306753421819,0,0.6814084249101517,0.0,train
0.9888318608883254,94,0.006551884358155442,1.0,train
0.9999962731732165,144,0.006078980585164495,1.0,train
0.9999962731732165,307,0.008918690783117751,1.0,train
0.999205008097797,1334,0.0005141089274443623,1.0,train
0.9888318608883254,4,0.01869470883194432,1.0,train
0.9999962731732165,28,0.0395776818811711,1.0,train
0.9999962731732165,15,0.01638019109316446,1.0,train
0.9999962731732165,978,0.001233425243927674,1.0,train
0.9888318608883254,0,1.32300034803706,0.0,train
0.9999962731732165,0,1.847693455841258,0.0,train
0.999205008097797,13,0.06332613527229089,1.0,train
0.9999962731732165,2717,0.0009483616700283686,1.0,train
0.9999962731732165,2,0.032503236830574114,1.0,train
0.999205008097797,2,0.23496024874662147,1.0,train
0.9999962731732165,1100,0.0003642375301091136,1.0,train
0.9888318608883254,1,0.36968739779513593,1.0,train
0.999205008097797,7,0.07740853933686136,1.0,train
0.999205008097797,0,5.025632662015726,0.0,train
0.999205008097797,3,0.024017072805460823,1.0,train
0.999205008097797,212,0.00043533402690419876,1.0,train
0.9888318608883254,90,0.010500934183545568,1.0,train
0.999205008097797,2,0.11145663660616606,1.0,train
0.999205008097797,18,0.10553396470466006,1.0,train
0.1931001671441963,2,1.4086133692251663,0.0,train
0.9999962731732165,18,0.01758212132357527,1.0,train
0.8481306753421819,5,0.2268509075674633,1.0,train
0.9888318608883254,222,0.0065404976530324295,1.0,train
0.9999962731732165,3806,1.7263356005672584e-05,1.0,train
0.9999962731732165,383,0.0037558908757504687,1.0,train
0.8481306753421819,0,3.6121242396244595,0.0,train
0.1931001671441963,0,2.509172273699053,0.0,train
0.1931001671441963,0,1.687683226827126,0.0,train
0.999205008097797,7,0.010090479444006194,1.0,train
0.9888318608883254,0,0.7871892137485592,0.0,train
0.9888318608883254,0,4.057950117135409,0.0,train
0.9888318608883254,1,0.014074751904567601,1.0,train
0.999205008097797,181,0.0023582904037800717,1.0,train
0.9999962731732165,1878,0.0005880792369477625,1.0,train
0.8481306753421819,2,1.2738913032420744,1.0,train
0.8481306753421819,0,3.70511881158853,0.0,train
0.9999962731732165,47,0.039177782028123595,1.0,train
0.8481306753421819,1,0.08380093669157267,1.0,train
0.9888318608883254,23,0.04077435960586204,1.0,train
0.9999962731732165,42,0.009585659745130605,1.0,train
0.9888318608883254,1,2.385437018258129,1.0,train
0.1931001671441963,0,3.197728693087397,0.0,train
0.1931001671441963,0,2.0296741463657604,0.0,train
0.9888318608883254,63,0.0006430445784601837,1.0,train
0.1931001671441963,0,0.4793815537341597,0.0,train
0.9888318608883254,24,0.110632670099953,1.0,train
0.8481306753421819,0,4.132850708105311,0.0,train
0.999205008097797,0,0.029917905187125005,0.0,train
0.999205008097797,0,4.277683859695835,0.0,train
0.999205008097797,21,0.0025688330507472796,1.0,train
0.8481306753421819,1,0.3635693265957904,1.0,train
0.9999962731732165,2,0.08535560336216907,1.0,train
0.9999962731732165,3,0.25890682950833527,1.0,train
0.1931001671441963,0,1.0092884590166438,0.0,train
0.9888318608883254,0,5.98438548899308,0.0,train
0.999205008097797,229,0.0014907552048623212,1.0,train
0.9888318608883254,2,0.10030879798982914,1.0,train
0.9999962731732165,2474,4.853403499749151e-05,1.0,train
0.1931001671441963,0,5.872464792662818,0.0,train
0.9888318608883254,9,0.2725856897497643,1.0,train
0.1931001671441963,0,1.1671218710103808,0.0,train
0.9888318608883254,6,0.42501402434282176,1.0,train
0.9999962731732165,4,0.7802998255247245,1.0,train
0.1931001671441963,0,4.249139020866088,0.0,train
0.8481306753421819,2,0.42608684224635635,1.0,train
0.1931001671441963,0,4.353839664098587,0.0,train
0.9999962731732165,16,0.05906732962977701,1.0,train
0.8481306753421819,0,1.2571426585496968,0.0,train
0.999205008097797,18,0.004431476996729323,1.0,train
0.9888318608883254,0,5.441365868899356,0.0,train
0.9888318608883254,1,2.9755724851901966,1.0,train
0.1931001671441963,0,4.32947712064571,0.0,train
0.8481306753421819,1,0.40582217475336746,0.0,train
0.1931001671441963,0,4.262626205624667,0.0,train
0.9888318608883254,69,0.04695959003926883,1.0,train
0.1931001671441963,0,5.756194140239237,0.0,train
0.8481306753421819,3,0.42326338166082306,1.0,train
0.9999962731732165,4,0.031642089781233264,1.0,train
0.9999962731732165,315,0.0005967433971491987,1.0,train
0.999205008097797,29,0.01500709606642245,1.0,train
0.8481306753421819,5,0.12528387666302873,1.0,train
0.999205008097797,1626,0.00041059516762844566,1.0,train
0.9888318608883254,30,0.03684944611511179,1.0,train
0.999205008097797,6,0.2796084380953618,1.0,train
0.999205008097797,195,0.0065815608466656995,1.0,train
0.8481306753421819,3,0.2900108471293173,1.0,train
0.1931001671441963,1,2.2174851873946904,1.0,train
0.8481306753421819,1,0.6516857291570444,1.0,train
0.9999962731732165,7632,4.186486841209274e-05,1.0,train
0.1931001671441963,0,0.5661004048739087,0.0,train
0.9888318608883254,0,0.5307485949028099,0.0,train
0.9999962731732165,3,0.19816237964123895,1.0,train
0.999205008097797,1,1.2563933148275659,1.0,train
0.9999962731732165,0,2.273916236737036,0.0,train
0.9888318608883254,24,0.006230427126846974,1.0,train
0.8481306753421819,4,0.27943682719943214,1.0,train
0.9888318608883254,24,0.014295374340729838,1.0,train
0.9888318608883254,7,0.008789586611113865,1.0,train
0.9999962731732165,2,0.04855178983364066,1.0,train
0.8481306753421819,0,0.7984088372121521,0.0,train
0.8481306753421819,2,0.5180877325843035,1.0,train
0.1931001671441963,0,3.997892384575187,0.0,train
0.1931001671441963,0,1.1102702995437699,0.0,train
0.8481306753421819,0,5.133236230995295,0.0,train
0.8481306753421819,0,4.809305023801586,0.0,train
0.999205008097797,216,0.0014877998177070522,1.0,train
0.8481306753421819,3,0.031868252446386865,1.0,train
0.9999962731732165,1299,0.0004142047612884239,1.0,train
0.8481306753421819,3,1.2344184149530764,1.0,train
0.999205008097797,0,4.075298496479712,0.0,train
0.9999962731732165,23,0.01348137421266869,1.0,train
0.9888318608883254,2,0.7724309912516848,1.0,train
0.999205008097797,389,0.008142931935563933,1.0,train
0.999205008097797,2,0.30058336057438056,1.0,train
0.9888318608883254,1,0.36031870104445746,1.0,train
0.9999962731732165,3588,3.009771539533673e-06,1.0,train
0.9999962731732165,3334,0.0007082974040135466,1.0,train
0.999205008097797,464,0.008255539162543908,1.0,train
0.9888318608883254,1,0.35533554480908763,1.0,train
0.1931001671441963,0,5.998773631850181,0.0,train
0.9888318608883254,1,0.4777763241371765,1.0,train
0.999205008097797,7,0.10272020263438228,1.0,train
0.9888318608883254,21,0.0032679668881262997,1.0,train
0.999205008097797,2,0.5919237028536671,1.0,train
0.9999962731732165,1,0.10470261762719364,1.0,train
0.8481306753421819,8,0.253588630919995,1.0,train
0.8481306753421819,0,5.147470778770354,0.0,train
0.9888318608883254,8,0.003289577786229627,1.0,train
0.9888318608883254,0,2.4295949159820043,0.0,train
0.999205008097797,28,0.011200716657805363,1.0,train
0.9999962731732165,7,0.09357703037221576,1.0,train
0.1931001671441963,0,4.875543000635094,0.0,train
0.9999962731732165,2,0.23116088411697294,1.0,train
0.8481306753421819,2,0.27909354933537645,1.0,train
0.9888318608883254,12,0.0091882061643903,1.0,train
0.999205008097797,99,0.013353425867393916,1.0,train
0.9999962731732165,12,0.11877520231152805,1.0,train
0.9888318608883254,97,0.002911889270719747,1.0,train
0.9888318608883254,3,0.34387397112926543,1.0,train
0.8481306753421819,0,1.3765564378597979,0.0,train
0.8481306753421819,0,1.402044593236321,0.0,train
0.9888318608883254,0,2.945090003453635,0.0,train
0.1931001671441963,0,3.8108540365789354,0.0,train
0.999205008097797,1,0.30769546700457906,0.0,train
0.999205008097797,9,0.03128186041571946,1.0,train
0.1931001671441963,0,3.7750565686805664,0.0,train
0.9888318608883254,1,0.27520668778216456,1.0,train
0.999205008097797,119,0.0053869810442650976,1.0,train
0.9999962731732165,2312,8.08237815653111e-05,1.0,train
0.1931001671441963,0,5.293084178917855,0.0,train
0.999205008097797,255,0.005672431906729688,1.0,train
0.9888318608883254,11,0.04159245906115034,1.0,train
0.9999962731732165,5,0.06860268079560376,1.0,train
0.999205008097797,40,0.0025901509884029153,1.0,train
0.9999962731732165,422,0.0003888107589577675,1.0,train
0.999205008097797,8,0.10037973862533593,1.0,train
0.9888318608883254,2,0.8438808806612512,1.0,train
0.8481306753421819,0,2.8380058346581123,0.0,train
0.1931001671441963,0,2.6772065633357567,0.0,train
0.9888318608883254,1,1.2817954146211903,1.0,train
0.8481306753421819,0,2.626427141710407,0.0,train
0.9888318608883254,3,0.309546089184906,1.0,train
0.9888318608883254,0,1.1138274058845763,0.0,train
0.9888318608883254,78,0.01653528872451608,1.0,train
0.9999962731732165,208,0.0013049531781158968,1.0,train
0.1931001671441963,0,4.716923942170242,0.0,train
0.8481306753421819,0,2.884367293080466,0.0,train
0.9888318608883254,59,0.005251327125440417,1.0,train
0.1931001671441963,0,4.412214588894633,0.0,train
0.9888318608883254,0,4.393428801233769,0.0,train
0.1931001671441963,0,5.511039582957012,0.0,train
0.9888318608883254,0,2.0969094758069655,0.0,train
0.999205008097797,6,0.007564298995335722,1.0,train
0.9999962731732165,8474,1.3581055540905171e-06,1.0,train
0.8481306753421819,2,0.2504605632745604,1.0,train
0.999205008097797,214,0.012925729502613793,1.0,train
0.9888318608883254,4,0.27081283047561383,1.0,train
0.9999962731732165,29,0.02986641419582026,1.0,train
0.9888318608883254,68,0.03067556989099869,1.0,train
0.8481306753421819,0,0.3691613229509112,0.0,train
0.999205008097797,2,0.9799711121794729,1.0,train
0.9888318608883254,5,0.2633890039015474,1.0,train
0.9999962731732165,2934,5.121691882828337e-05,1.0,train
0.9999962731732165,121,0.00020734153852757723,1.0,train
0.9999962731732165,2,0.30391206192130177,1.0,train
0.8481306753421819,0,1.8245997202752162,0.0,train
0.8481306753421819,0,2.786477562667732,0.0,train
0.9999962731732165,0,5.293844223735897,0.0,train
0.999205008097797,748,0.0014804738257235964,1.0,train
0.9999962731732165,5547,0.00036995757789752776,1.0,train
0.9888318608883254,0,4.467924754560233,0.0,train
0.9888318608883254,2,0.9418491237566682,1.0,train
0.9999962731732165,3107,0.0003966896836228492,1.0,train
0.8481306753421819,0,5.350865061014632,0.0,train
0.8481306753421819,0,4.209468053097501,0.0,train
0.1931001671441963,0,0.45756858533809175,0.0,train
0.1931001671441963,0,4.754869567499077,0.0,train
0.9999962731732165,309,0.010066006709029181,1.0,train
0.1931001671441963,0,2.1848574751862833,0.0,train
0.9888318608883254,22,0.005368452795934244,1.0,train
0.8481306753421819,15,0.0050132335109418615,1.0,train
0.999205008097797,3,0.0071308644994484355,1.0,train
0.8481306753421819,3,0.2691474471076303,1.0,train
0.9888318608883254,3,0.480361715843577,1.0,train
0.999205008097797,15,0.04717575216712492,1.0,train
0.8481306753421819,0,1.807655815191508,0.0,train
0.8481306753421819,1,0.2190133497075384,1.0,train
0.8481306753421819,1,1.5198114370719598,1.0,train
0.1931001671441963,0,5.6833285652011405,0.0,train
0.1931001671441963,0,5.00349647108145,0.0,train
0.999205008097797,25,0.010372268224386359,1.0,train
0.9999962731732165,15,0.15569489351179516,1.0,train
0.1931001671441963,0,5.0083824134167205,0.0,train
0.8481306753421819,15,0.028100507172071805,1.0,train
0.8481306753421819,6,0.21490656188942436,1.0,train
0.8481306753421819,1,0.6795596082545592,1.0,train
0.9888318608883254,26,0.0006101085738474487,1.0,train
0.9999962731732165,3824,5.253427825863649e-05,1.0,train
0.9999962731732165,1031,0.00012600768744975535,1.0,train
0.9999962731732165,45,0.02792750799140568,1.0,train
0.999205008097797,33,0.05774002303466729,1.0,train
0.999205008097797,10,0.17696226428902173,1.0,train
0.8481306753421819,2,1.0129567127141184,1.0,train
0.8481306753421819,1,3.726756042037029,1.0,train
0.8481306753421819,0,3.3161493881857815,0.0,train
0.1931001671441963,0,3.0488225914351164,0.0,train
0.9999962731732165,595,0.0034525364049744615,1.0,train
0.1931001671441963,0,3.4773053740367548,0.0,train
0.8481306753421819,0,4.576153195072788,0.0,train
0.8481306753421819,2,0.03434872362502533,1.0,train
0.999205008097797,1,2.783567363436939,1.0,train
0.9888318608883254,4,0.028531065088580294,1.0,train
0.8481306753421819,5,0.39169138374212226,1.0,train
0.999205008097797,0,1.403320033262383,0.0,train
0.9999962731732165,5,0.05210847195799845,1.0,train
0.999205008097797,491,0.0003199335336745278,1.0,train
0.9999962731732165,861,0.001045849859351762,1.0,train
0.1931001671441963,0,1.4043176596991063,0.0,train
0.999205008097797,525,0.0015061266756069259,1.0,train
0.1931001671441963,0,5.6988664783682585,0.0,train
0.8481306753421819,1,0.14145942517040688,0.0,train
0.999205008097797,25,0.08809466297432941,1.0,train
0.8481306753421819,0,4.837276689319399,0.0,train
0.1931001671441963,0,5.749955762562339,0.0,train
0.9999962731732165,156,0.0031820095534292473,1.0,train
0.999205008097797,11,0.22024223119304612,1.0,train
0.1931001671441963,0,4.606226962434118,0.0,train
0.9999962731732165,3383,1.327527217467153e-06,1.0,train
0.9999962731732165,114,0.006560118432031637,1.0,train
0.9888318608883254,1,0.5109175640091002,0.0,train
0.9999962731732165,1,0.045797560928281335,1.0,train
0.999205008097797,226,0.00407414233903238,1.0,train
0.9888318608883254,17,0.11269102348482102,1.0,train
0.8481306753421819,0,0.5323678149037478,0.0,train
0.9888318608883254,0,4.186506314165465,0.0,train
0.9999962731732165,237,0.0024354765574762034,1.0,train
0.9888318608883254,15,0.114417649127944,1.0,train
0.999205008097797,19,0.008189122750987647,1.0,train
0.8481306753421819,0,1.8421608589392038,0.0,train
0.1931001671441963,0,1.8774271194991161,0.0,train
0.9999962731732165,6,0.017749580341613874,1.0,train
0.1931001671441963,0,4.307427544159699,0.0,train
0.1931001671441963,0,5.950889766801004,0.0,train
0.999205008097797,1053,0.0015801569019200225,1.0,train
0.9999962731732165,0,5.915087939766604,0.0,train
0.9999962731732165,326,0.007079215888848324,1.0,train
0.1931001671441963,0,0.6176818520862282,0.0,train
0.999205008097797,46,0.009818234207751906,1.0,train
0.1931001671441963,0,5.459020951074685,0.0,train
0.9888318608883254,74,0.023955623240676092,1.0,train
0.1931001671441963,0,1.140993943180479,0.0,train
0.8481306753421819,1,0.21174360895089556,1.0,train
0.999205008097797,24,0.025791324672000265,1.0,train
0.999205008097797,0,2.251431137055202,0.0,train
0.9888318608883254,1,0.39561631946574577,1.0,train
0.999205008097797,73,0.037276224020654974,1.0,train
0.9999962731732165,121,0.001026048929199483,1.0,train
0.8481306753421819,2,0.18862911479977404,1.0,train
0.8481306753421819,0,3.662925307593439,0.0,train
0.8481306753421819,0,2.1313385190210026,0.0,train
0.8481306753421819,0,0.4737555775121123,0.0,train
0.999205008097797,1031,0.00035208057809390706,1.0,train
0.9888318608883254,1,0.12061509065274954,1.0,train
0.1931001671441963,0,0.4032916390971988,0.0,train
0.1931001671441963,0,0.7129235198759882,0.0,train
0.9888318608883254,43,0.023086285417050413,1.0,train
0.1931001671441963,0,0.7956223201855228,0.0,train
0.999205008097797,900,3.918269735996732e-06,1.0,train
0.1931001671441963,0,0.33220322616670916,0.0,train
0.8481306753421819,0,3.0267988601649822,0.0,train
0.1931001671441963,0,0.8808632617163183,0.0,train
0.999205008097797,78,0.03188027448748225,1.0,train
0.1931001671441963,0,0.22695132755330594,0.0,train
0.999205008097797,3,0.43680048588614706,1.0,train
0.8481306753421819,2,0.46306334711138925,1.0,train
0.1931001671441963,0,4.226447886121216,0.0,train
0.999205008097797,261,0.0038081604163667485,1.0,train
0.999205008097797,0,0.9978208717144688,0.0,train
0.999205008097797,568,0.0006786648923804385,1.0,train
0.8481306753421819,1,0.5845644075631439,1.0,train
0.9888318608883254,25,0.034154670375921334,1.0,train
0.9999962731732165,1,0.10691224244811898,1.0,train
0.8481306753421819,1,1.1668434579112879,1.0,train
0.8481306753421819,7,0.09856816397200363,1.0,train
0.9888318608883254,31,0.030336118864381444,1.0,train
0.9888318608883254,5,0.007754541209932079,1.0,train
0.999205008097797,213,0.003334520977828107,1.0,train
0.9888318608883254,2,0.31686128507534117,1.0,train
0.9999962731732165,6,0.4952380947489172,1.0,train
0.9888318608883254,0,3.8699175187005497,0.0,train
0.1931001671441963,0,2.8464588016547028,0.0,train
0.9888318608883254,1,0.35191542367513656,1.0,train
0.1931001671441963,0,2.870219224241943,0.0,train
0.8481306753421819,16,0.07287912838022964,1.0,train
0.9888318608883254,85,0.010429013902195338,1.0,train
0.9999962731732165,39,0.0004762033357629965,1.0,train
0.999205008097797,158,0.016270180062718794,1.0,train
0.8481306753421819,0,1.1536473314631897,0.0,train
0.9888318608883254,1,0.20117321141503752,0.0,train
0.999205008097797,190,0.017588627014260207,1.0,train
0.9888318608883254,155,0.01757724871239316,1.0,train
0.9999962731732165,3668,7.540810363755082e-05,1.0,train
0.999205008097797,0,1.3796401597554657,0.0,train
0.999205008097797,2,1.3271844461398181,1.0,train
0.9999962731732165,6,0.0257331471090126,1.0,train
0.999205008097797,362,0.0006439646459942624,1.0,train
0.8481306753421819,0,1.5675701501832355,0.0,train
0.9888318608883254,44,0.020063038064163572,1.0,train
0.999205008097797,0,1.2161648504209885,0.0,train
0.9888318608883254,0,0.9939267667827407,0.0,train
0.9999962731732165,1,0.10984388415009438,0.0,train
0.9888318608883254,0,2.9289089670754302,0.0,train
0.1931001671441963,0,2.6684732990521125,0.0,train
0.8481306753421819,2,0.051356855584090685,1.0,train
0.9999962731732165,15,0.0037480653959725964,1.0,train
0.1931001671441963,0,3.1386280438296623,0.0,train
0.8481306753421819,5,0.19978997128291867,1.0,train
0.1931001671441963,0,5.5556824628818084,0.0,train
0.9888318608883254,8,0.12987539610651913,1.0,train
0.9999962731732165,7336,0.00011506757385253647,1.0,train
0.9999962731732165,0,2.400169856984747,0.0,train
0.1931001671441963,0,0.09040475393338299,0.0,train
0.8481306753421819,0,3.76928995274421,0.0,train
0.9999962731732165,12,0.15108921989358046,1.0,train
0.999205008097797,91,0.0004446561107533237,1.0,train
0.8481306753421819,2,0.7082006398971812,0.0,train
0.9888318608883254,0,3.1155181819139512,0.0,train
0.999205008097797,140,0.007964149487003863,1.0,train
0.8481306753421819,0,3.891413229680972,0.0,train
0.8481306753421819,2,0.4723098573782379,1.0,train
0.1931001671441963,1,0.29305841721329773,0.0,train
0.9999962731732165,2,0.05044964271494568,1.0,train
0.8481306753421819,0,1.141809931076508,0.0,train
0.9999962731732165,21,0.025161385385106535,1.0,train
0.999205008097797,39,0.001139021023516531,1.0,train
0.8481306753421819,12,0.021444601746221995,1.0,train
0.1931001671441963,0,0.08919876549766448,0.0,train
0.9999962731732165,27,0.00102591216825284,1.0,train
0.8481306753421819,3,0.3704428589734219,1.0,train
0.9888318608883254,0,0.3702147578296682,0.0,train
0.999205008097797,0,4.6025679038735365,0.0,train
0.1931001671441963,0,1.4393062820467362,0.0,train
0.1931001671441963,0,3.0693354044877497,0.0,train
0.9888318608883254,8,0.03918509038138837,1.0,train
0.8481306753421819,1,0.32963159156167565,0.0,train
0.999205008097797,1046,0.00144788515049486,1.0,train
0.9999962731732165,850,3.0781601546499084e-05,1.0,train
0.999205008097797,39,0.06496078175889233,1.0,train
0.1931001671441963,0,3.7218828864191353,0.0,train
0.9999962731732165,2711,2.7124061958778585e-05,1.0,train
0.999205008097797,6,0.08481477017458848,1.0,train
0.999205008097797,0,0.23836848065925897,0.0,train
0.999205008097797,37,0.003083085183472221,1.0,train
0.999205008097797,0,0.7428889018391105,0.0,train
0.9999962731732165,1277,0.0006756063196201081,1.0,train
0.9999962731732165,0,1.2863174690582908,0.0,train
0.9888318608883254,16,0.012307962806668632,1.0,train
0.9999962731732165,5207,0.00023309394234544611,1.0,train
0.999205008097797,3,0.04826652113367813,1.0,train
0.9888318608883254,11,0.08942109684935538,1.0,train
0.9888318608883254,3,0.3876562028536683,1.0,train
0.999205008097797,9,0.13335925997994263,1.0,train
0.1931001671441963,0,0.3205159851677608,0.0,train
0.9888318608883254,1,1.7156983544238105,1.0,train
0.8481306753421819,0,3.905843853664621,0.0,train
0.999205008097797,18,0.011899796390828424,1.0,train
0.8481306753421819,0,5.259062784680193,0.0,train
0.9999962731732165,1,0.14337151075929824,1.0,train
0.9999962731732165,199,0.001920683192519817,1.0,train
0.8481306753421819,1,1.707365283380979,0.0,train
0.999205008097797,1176,0.0007536497564941718,1.0,train
0.999205008097797,30,0.003272906570237451,1.0,train
0.9999962731732165,9,0.005809765635087833,1.0,train
0.999205008097797,0,2.966317181766046,0.0,train
0.999205008097797,34,0.00893364758670628,1.0,train
0.1931001671441963,0,2.2293306942228743,0.0,train
0.9888318608883254,26,0.05680106213774186,1.0,train
0.999205008097797,2,0.911005005485208,1.0,train
0.8481306753421819,12,0.00624300289149219,1.0,train
0.9888318608883254,6,0.11326553445856989,1.0,train
0.9999962731732165,7,0.13975863362557533,1.0,train
0.9888318608883254,0,2.6850384957785636,0.0,train
0.8481306753421819,0,5.752938709218312,0.0,train
0.8481306753421819,7,0.4333126479696748,1.0,train
0.1931001671441963,0,4.061937739111724,0.0,train
0.1931001671441963,0,2.89608351192093,0.0,train
0.1931001671441963,0,1.3251876068494275,0.0,train
0.8481306753421819,0,5.295311685777599,0.0,train
0.9888318608883254,31,0.051978499259753744,1.0,train
0.8481306753421819,1,0.6495404081096144,1.0,train
0.8481306753421819,1,1.068009239077435,1.0,train
0.9888318608883254,6,0.166008164111514,1.0,train
0.8481306753421819,1,0.09787382575372033,1.0,train
0.1931001671441963,0,4.422869228347616,0.0,train
0.1931001671441963,0,3.8289333684698814,0.0,train
0.8481306753421819,4,0.052981790090632926,1.0,train
0.9999962731732165,0,4.930701356076732,0.0,train
0.999205008097797,4,0.03539817197557399,1.0,train
0.9888318608883254,1,0.3347731062485336,1.0,train
0.9888318608883254,2,0.17875334109423419,1.0,train
0.999205008097797,37,0.0038653199320284885,1.0,train
0.1931001671441963,0,0.35399278140421586,0.0,train
0.9888318608883254,2,0.7152093648686779,1.0,train
0.999205008097797,173,0.00792007222487604,1.0,train
0.8481306753421819,0,4.09858391659956,0.0,train
0.9999962731732165,39,0.0009984925423959588,1.0,train
0.8481306753421819,0,2.4196707429546924,0.0,train
0.999205008097797,864,0.00176808619783528,1.0,train
0.999205008097797,0,2.6868950917606638,0.0,train
0.8481306753421819,1,0.9704738611602084,0.0,train
0.8481306753421819,4,0.11477727908916625,1.0,train
0.9999962731732165,57,0.01779121205008985,1.0,train
0.999205008097797,14,0.10023326896334882,1.0,train
0.999205008097797,4,0.1096556148399815,1.0,train
0.1931001671441963,0,1.5145743873805724,0.0,train
0.999205008097797,10,0.12337773284948454,1.0,train
0.8481306753421819,1,0.9730037697804456,1.0,train
0.999205008097797,96,0.01177366676435261,1.0,train
0.1931001671441963,0,4.034669612705861,0.0,train
0.9999962731732165,66,0.004403381429829803,1.0,train
0.1931001671441963,0,1.6283371524369268,0.0,train
0.9999962731732165,179,0.004305944237628574,1.0,train
0.9888318608883254,20,0.0050581965665155975,1.0,train
0.9888318608883254,12,0.012654445419921802,1.0,train
0.9888318608883254,1,0.8069409054505576,1.0,train
0.9888318608883254,0,3.4800426683819228,0.0,train
0.9888318608883254,0,4.986344076303965,0.0,train
0.9999962731732165,131,0.000980203760727592,1.0,train
0.9999962731732165,2,0.1261977141263281,1.0,train
0.9888318608883254,37,0.060640060350534104,1.0,train
0.8481306753421819,4,0.11946145141646905,1.0,train
0.9999962731732165,1,1.2669639506565276,1.0,train
0.9999962731732165,132,0.041780753254029204,1.0,train
0.999205008097797,43,0.05007271720574655,1.0,train
0.1931001671441963,1,0.37669384553762425,1.0,train
0.9888318608883254,6,0.3068230035281272,1.0,train
0.8481306753421819,0,5.735440492434543,0.0,train
0.8481306753421819,2,0.14612176459191545,1.0,train
0.8481306753421819,0,2.984093275215079,0.0,train
0.1931001671441963,0,0.6176796826237005,0.0,train
0.999205008097797,223,0.001620563578497584,1.0,train
0.999205008097797,7,0.3281077582730218,1.0,train
0.9999962731732165,25,0.02512838723603894,1.0,train
0.9888318608883254,2,0.4854483236616532,1.0,train
0.1931001671441963,0,0.4397427709871602,0.0,train
0.9999962731732165,7,0.1796415273247138,1.0,train
0.9888318608883254,2,0.9409111668194968,1.0,train
0.8481306753421819,1,3.569300639357632,1.0,train
0.8481306753421819,16,0.023991145834324167,1.0,train
0.9999962731732165,731,0.0005262359546097139,1.0,train
0.1931001671441963,0,5.018114176607407,0.0,train
0.1931001671441963,0,0.13380118837241772,0.0,train
0.9888318608883254,3,0.09188039794646231,1.0,train
0.9888318608883254,0,2.2563960655810744,0.0,train
0.9999962731732165,3302,0.000417238529015675,1.0,train
0.9999962731732165,498,0.004175814080616018,1.0,train
0.9888318608883254,29,0.008142478358566017,1.0,train
0.8481306753421819,11,0.05268599905612301,1.0,train
0.9999962731732165,495,0.0004186509700728788,1.0,train
0.999205008097797,19,0.025010269181041964,1.0,train
0.999205008097797,0,1.9066711105615464,0.0,train
0.1931001671441963,0,0.9137857190554843,0.0,train
0.999205008097797,22,0.0337365571020514,1.0,train
0.999205008097797,5,0.2348299161438652,1.0,train
0.999205008097797,0,2.39374120063803,0.0,train
0.9999962731732165,8,0.08611043328199293,1.0,train
0.1931001671441963,1,0.4738017311408525,1.0,train
0.1931001671441963,0,5.294734983476717,0.0,train
0.999205008097797,1097,0.0014791569196290373,1.0,train
0.9888318608883254,0,3.890897138575027,0.0,train
0.8481306753421819,0,3.0047114413509153,0.0,train
0.999205008097797,118,0.011137816613533193,1.0,train
0.1931001671441963,0,3.332532842310365,0.0,train
0.1931001671441963,0,1.373956605080492,0.0,train
0.999205008097797,382,0.0037835710993564943,1.0,train
0.8481306753421819,4,0.04018627868876495,1.0,train
0.8481306753421819,2,0.25357222304775934,1.0,train
0.9888318608883254,8,0.8281741969683353,1.0,train
0.999205008097797,0,3.904990908061453,0.0,train
0.8481306753421819,1,0.07135978580594278,1.0,train
0.9999962731732165,3,0.06955999230198247,1.0,train
0.999205008097797,7,0.018383748504466568,1.0,train
0.9888318608883254,10,0.05203141357852069,1.0,train
0.1931001671441963,0,0.3573871299652174,0.0,train
0.999205008097797,110,0.0013255849732091076,1.0,train
0.999205008097797,1375,0.0005027103357358762,1.0,train
0.8481306753421819,3,0.17242352745235856,1.0,train
0.9999962731732165,7,0.3701533376113931,1.0,train
0.8481306753421819,1,0.07661833897051423,1.0,train
0.9999962731732165,3,0.08335893237934,0.0,train
0.1931001671441963,0,1.57675776349091,0.0,train
0.1931001671441963,1,1.0667401797470866,1.0,train
0.9999962731732165,295,0.0011883444293019603,1.0,train
0.8481306753421819,0,2.6294924005492204,0.0,train
0.9999962731732165,1,0.987928601959791,0.0,train
0.1931001671441963,0,2.41612133034353,0.0,train
0.999205008097797,23,0.005586961409936791,1.0,train
0.9888318608883254,10,0.2325703707765856,1.0,train
0.999205008097797,0,1.8442034799438085,0.0,train
0.999205008097797,12,0.010930529505203238,1.0,train
0.9999962731732165,29,0.029828000208645164,1.0,train
0.999205008097797,0,4.41726281507678,0.0,train
0.1931001671441963,1,2.339403094916982,0.0,train
0.1931001671441963,0,3.8269612735920235,0.0,train
0.9999962731732165,0,4.611813612818545,0.0,train
0.9888318608883254,5,0.15132999507538294,1.0,train
0.1931001671441963,0,1.4105897141216908,0.0,train
0.999205008097797,2,0.21147036295086172,1.0,train
0.9999962731732165,28,0.08155355443370642,1.0,train
0.8481306753421819,4,0.37192150599203655,1.0,train
0.8481306753421819,3,0.34460723669544424,0.0,train
0.8481306753421819,6,0.46653355699041765,1.0,train
0.9888318608883254,7,0.025718932550909047,1.0,train
0.999205008097797,8,0.06710481064536687,1.0,train
0.9999962731732165,1982,0.0010052021019246401,1.0,train
0.9999962731732165,0,1.2354791957376243,0.0,train
0.9999962731732165,12,0.06098599938032675,1.0,train
0.1931001671441963,0,2.360523032813872,0.0,train
0.999205008097797,0,3.773107560187725,0.0,train
0.1931001671441963,0,0.9271434090201036,0.0,train
0.8481306753421819,2,0.09889925133395498,1.0,train
0.8481306753421819,0,2.368031588813686,0.0,train
0.1931001671441963,0,3.2301843638916306,0.0,train
0.9888318608883254,92,0.0038921954230687734,1.0,train
0.9999962731732165,284,3.325502726052358e-05,1.0,train
0.9999962731732165,1088,0.0003526050143915483,1.0,train
0.8481306753421819,1,0.3783199085784573,1.0,train
0.1931001671441963,1,0.8407574440744018,1.0,train
0.1931001671441963,1,0.1539469562438984,1.0,train
0.8481306753421819,1,1.9929559334551712,0.0,train
0.1931001671441963,0,5.257963665059468,0.0,train
0.8481306753421819,0,3.051004753147115,0.0,train
0.9888318608883254,1,0.6318875198064986,1.0,train
0.8481306753421819,5,0.08407796766838453,1.0,train
0.9888318608883254,20,0.01804469883645479,1.0,train
0.9999962731732165,503,0.0037120636098887713,1.0,train
0.9888318608883254,5,0.2842889323197239,1.0,train
0.8481306753421819,1,1.8312151733095037,0.0,train
0.9888318608883254,15,0.3059627925142902,1.0,train
0.9999962731732165,6055,0.00018887753642558256,1.0,train
0.8481306753421819,0,4.775405921643012,0.0,train
0.8481306753421819,0,5.20670552150548,0.0,train
0.1931001671441963,0,4.030250557309687,0.0,train
0.999205008097797,22,0.09794765847835517,1.0,train
0.999205008097797,58,0.030810643284644897,1.0,train
0.9999962731732165,0,5.525170708264195,0.0,train
0.1931001671441963,0,4.0896474008101045,0.0,train
0.9888318608883254,10,0.1225570612337596,1.0,train
0.9888318608883254,15,0.014426638860523682,1.0,train
0.1931001671441963,0,4.096205912653456,0.0,train
0.8481306753421819,1,0.24732867328814995,1.0,train
0.999205008097797,191,0.002484284430862506,1.0,train
0.9888318608883254,10,0.28150544151002305,1.0,train
0.1931001671441963,0,5.674192790534421,0.0,train
0.999205008097797,2,0.6317412365856618,1.0,train
0.8481306753421819,2,0.7352653796170494,1.0,train
0.999205008097797,917,0.0006328421175516617,1.0,train
0.999205008097797,6,0.2479404245777358,1.0,train
0.8481306753421819,0,4.517660125146628,0.0,train
0.1931001671441963,0,0.6051964086865487,0.0,train
0.8481306753421819,0,0.38836998995853333,0.0,train
0.9999962731732165,693,0.003078657357651812,1.0,train
0.8481306753421819,0,2.6689083420610804,0.0,train
0.8481306753421819,0,2.176181079782898,0.0,train
0.8481306753421819,0,1.2244108823058049,0.0,train
0.9999962731732165,19,0.04438157729929858,1.0,train
0.999205008097797,4,0.6250668920247269,1.0,train
0.8481306753421819,0,2.2262201830234547,0.0,train
0.9888318608883254,1,0.4463566999819557,0.0,train
0.9888318608883254,1,1.7372442996012247,1.0,train
0.1931001671441963,0,5.539456965734129,0.0,train
0.999205008097797,362,0.00012086027150890941,1.0,train
0.9999962731732165,207,0.0036957421330443213,1.0,train
0.9888318608883254,83,0.021525503063616013,1.0,train
0.999205008097797,3,1.119610878763391,1.0,train
0.9888318608883254,12,0.10084431981731284,1.0,train
0.9999962731732165,4682,6.136850363859868e-05,1.0,train
0.8481306753421819,1,0.04161205218953877,1.0,train
0.999205008097797,35,0.024020078039390644,1.0,train
0.999205008097797,79,0.018663648367407616,1.0,train
0.999205008097797,163,0.0001819291337083726,1.0,train
0.9999962731732165,1,0.40150586872033944,0.0,train
0.8481306753421819,0,3.9531328684327165,0.0,train
0.8481306753421819,2,0.6767947225308886,1.0,train
0.999205008097797,426,0.0033898369303973054,1.0,train
0.9999962731732165,5,0.37013022429291037,1.0,train
0.999205008097797,0,0.8487869099750704,0.0,train
0.9888318608883254,41,0.03354168458320015,1.0,train
0.999205008097797,812,0.0006264082261485581,1.0,train
0.9999962731732165,336,0.0027393453131143186,1.0,train
0.999205008097797,4,0.28650393104134353,1.0,train
0.9888318608883254,2,0.46594324805092757,1.0,train
0.1931001671441963,0,2.7809429765410965,0.0,train
0.1931001671441963,0,2.7257229456896033,0.0,train
0.9999962731732165,36,0.02907164858005066,1.0,train
0.1931001671441963,0,5.028878980191581,0.0,train
0.999205008097797,1872,0.0012705823019861374,1.0,train
0.1931001671441963,0,3.706177924673029,0.0,train
0.9999962731732165,4489,0.0004738518501486173,1.0,train
0.8481306753421819,0,2.9411396858725576,0.0,train
0.1931001671441963,0,2.8915042839119725,0.0,train
0.999205008097797,57,0.05746758615552014,1.0,train
0.9999962731732165,12,0.1115281385178511,1.0,train
0.999205008097797,0,0.9449180083043303,0.0,train
0.9888318608883254,44,0.007088960003358829,1.0,train
0.9999962731732165,164,0.0035420376412441485,1.0,train
0.999205008097797,362,0.005088912835848694,1.0,train
0.9888318608883254,47,0.004946164739242016,1.0,train
0.9999962731732165,755,0.00010925431607926668,1.0,train
0.9999962731732165,1152,0.0005011710462840633,1.0,train
0.1931001671441963,0,2.5823315458482736,0.0,train
0.9888318608883254,0,0.7465137118187855,0.0,train
0.999205008097797,0,4.220855243338785,0.0,train
0.1931001671441963,0,2.445785271315703,0.0,train
0.9999962731732165,35,0.001691769950017461,1.0,train
0.1931001671441963,0,0.7832069470655665,0.0,train
0.8481306753421819,5,0.10259811063448092,1.0,train
0.1931001671441963,0,1.6529188645885244,0.0,train
0.8481306753421819,0,0.6164315308144241,0.0,train
0.9999962731732165,339,0.00040294918407568546,1.0,train
0.9999962731732165,4551,9.363995805449242e-05,1.0,train
0.999205008097797,38,0.007738772906759448,1.0,train
0.9888318608883254,7,0.016542161457208753,1.0,train
0.9999962731732165,1,2.6768229818480673,0.0,train
0.9888318608883254,0,4.772948646996091,0.0,train
0.9999962731732165,0,0.48708675566457127,0.0,train
0.9999962731732165,0,1.2238140546518115,0.0,train
0.8481306753421819,1,1.7594120659079595,0.0,train
0.9999962731732165,4,0.1377287634379123,1.0,train
0.8481306753421819,0,0.8753165606296118,0.0,train
0.1931001671441963,1,0.09195077749993842,1.0,train
0.9888318608883254,43,0.03072981029585892,1.0,train
0.8481306753421819,2,0.7151900153113819,1.0,train
0.9888318608883254,11,0.0019359907735878778,1.0,train
0.9999962731732165,9411,7.058345320114018e-07,1.0,train
0.1931001671441963,0,5.363812990349809,0.0,train
0.8481306753421819,0,5.730895971627842,0.0,train
0.1931001671441963,0,0.37607194285132217,0.0,train
0.9999962731732165,198,0.0047836768684088185,1.0,train
0.999205008097797,16,0.019757030598268666,1.0,train
0.1931001671441963,0,0.3081768941135119,0.0,train
0.9999962731732165,26,0.02148689775649552,1.0,train
0.8481306753421819,0,4.633692620386126,0.0,train
0.999205008097797,226,0.001018274958507135,1.0,train
0.1931001671441963,0,1.8890956539781827,0.0,train
0.9888318608883254,260,0.005248538237373368,1.0,train
0.999205008097797,6,0.0714727461706858,1.0,train
0.999205008097797,22,0.007738455653459238,1.0,train
0.9999962731732165,4586,0.0001229976572759727,1.0,train
0.1931001671441963,0,4.166498109206621,0.0,train
0.9888318608883254,0,3.04168426653594,0.0,train
0.1931001671441963,0,4.583469798714909,0.0,train
0.9888318608883254,6,0.1250568945357569,1.0,train
0.1931001671441963,2,0.5155608315786601,1.0,train
0.1931001671441963,1,1.1501610141299,1.0,train
0.1931001671441963,0,3.0304499599080605,0.0,train
0.1931001671441963,0,3.0336985036966393,0.0,train
0.9999962731732165,763,0.0007655952738592924,1.0,train
0.999205008097797,35,0.024519616223107128,1.0,train
0.9999962731732165,733,0.0006472372836271592,1.0,train
0.9999962731732165,192,0.0034136936039826002,1.0,train
0.999205008097797,0,2.321136505590474,0.0,train
0.9999962731732165,40,0.05292906823038992,1.0,train
0.9888318608883254,0,4.1636899371006315,0.0,train
0.9999962731732165,267,0.0003768404683546882,1.0,train
0.9999962731732165,84,0.007073338578913477,1.0,train
0.8481306753421819,1,1.8654050985603392,1.0,train
0.9999962731732165,16,0.1634763387895383,1.0,train
0.8481306753421819,2,0.014718573491411722,1.0,train
0.999205008097797,0,5.545333973015717,0.0,train
0.1931001671441963,1,1.0857045398103937,1.0,train
0.1931001671441963,0,3.00126464037817,0.0,train
0.9999962731732165,76,0.00480086358430641,1.0,train
0.999205008097797,1,0.00889340503793701,1.0,train
0.999205008097797,82,0.03845764956461442,1.0,train
0.9888318608883254,4,0.19842689312124479,1.0,train
0.999205008097797,885,0.0013102318159544431,1.0,train
0.1931001671441963,1,0.3216109383517787,1.0,train
0.8481306753421819,0,4.390541391429357,0.0,train
0.9999962731732165,8120,4.118630144486237e-06,1.0,train
0.1931001671441963,0,3.988586151254349,0.0,train
0.9999962731732165,3915,4.7466754914676475e-05,1.0,train
0.9999962731732165,91,0.010764647285345727,1.0,train
0.999205008097797,16,0.0356589823979462,1.0,train
0.1931001671441963,0,5.483587918909712,0.0,train
0.9888318608883254,0,2.177669289873924,0.0,train
0.9999962731732165,5458,2.6246049340478974e-05,1.0,train
0.1931001671441963,0,0.8196019656377822,0.0,train
0.8481306753421819,2,0.16869680122243058,1.0,train
0.8481306753421819,0,1.2407122937393857,0.0,train
0.8481306753421819,0,3.1142735891759057,0.0,train
0.999205008097797,2,0.2917035951725988,1.0,train
0.8481306753421819,0,2.2127649569603287,0.0,train
0.9888318608883254,0,0.6685019190306893,0.0,train
0.9999962731732165,461,0.00301996352016917,1.0,train
0.8481306753421819,0,4.438831770889653,0.0,train
0.1931001671441963,0,2.788766864707334,0.0,train
0.999205008097797,3,0.2898961675897017,1.0,train
0.9888318608883254,169,0.0031679704500162556,1.0,train
0.8481306753421819,0,5.260414527006998,0.0,train
0.9888318608883254,17,0.1979351540502824,1.0,train
0.8481306753421819,0,0.6233088948418724,0.0,train
0.1931001671441963,0,5.096388780374406,0.0,train
0.1931001671441963,0,1.5829073916376701,0.0,train
0.999205008097797,30,0.009889448353891933,1.0,train
0.999205008097797,859,0.0006016802534334693,1.0,train
0.8481306753421819,1,1.29835700774222,1.0,train
0.9999962731732165,597,0.00033528341978654057,1.0,train
0.9888318608883254,20,0.06437655918449035,1.0,train
0.1931001671441963,0,2.357712376054658,0.0,train
0.8481306753421819,4,0.07815295549876934,1.0,train
0.9999962731732165,1,3.2486526164469076,0.0,train
0.1931001671441963,1,2.4217102188621618,1.0,train
0.999205008097797,16,0.017018125420300477,1.0,train
0.999205008097797,77,0.03372024942899342,1.0,train
0.1931001671441963,0,3.2329557939793676,0.0,train
0.999205008097797,4,0.02100126917600411,1.0,train
0.9888318608883254,12,0.16193771348999655,1.0,train
0.9888318608883254,11,0.07377668512937234,1.0,train
0.8481306753421819,0,1.5725584433156057,0.0,train
0.1931001671441963,0,3.8951727733501507,0.0,train
0.1931001671441963,0,0.5458064707297412,0.0,train
0.8481306753421819,0,0.6958253509759285,0.0,train
0.9888318608883254,0,1.4723557289852336,0.0,train
0.8481306753421819,2,0.10391076036130803,1.0,train
0.1931001671441963,0,4.84626940719986,0.0,train
0.8481306753421819,0,0.33796935868939393,0.0,train
0.9999962731732165,0,0.07595861334192833,0.0,train
0.9999962731732165,102,0.0035687522278626035,1.0,train
0.9888318608883254,3,0.26440917143559733,1.0,train
0.999205008097797,452,0.0006062887673419823,1.0,train
0.999205008097797,7,0.07050310447890486,1.0,train
0.999205008097797,14,0.028876970436025138,1.0,train
0.999205008097797,0,2.076543295750624,0.0,train
0.1931001671441963,0,0.9804017435051635,0.0,train
0.8481306753421819,0,0.09724506487265683,0.0,train
0.1931001671441963,0,3.886537225406248,0.0,train
0.1931001671441963,0,3.1566695725046836,0.0,train
0.999205008097797,72,0.002554358553551983,1.0,train
0.999205008097797,169,0.0004747490384492705,1.0,train
0.9999962731732165,3,0.32123246880950135,1.0,train
0.9999962731732165,871,0.00047826906892870603,1.0,train
0.9888318608883254,0,2.0642229762141704,0.0,train
0.9999962731732165,84,0.03150308498532786,1.0,train
0.9888318608883254,23,0.0024594685640170356,1.0,train
0.1931001671441963,1,0.7046100162697743,1.0,train
0.9888318608883254,8,0.1228914250160718,1.0,train
0.999205008097797,10,0.3068445703555254,1.0,train
0.9888318608883254,5,0.2873658451726444,1.0,train
0.8481306753421819,6,0.07449070327487954,1.0,train
0.8481306753421819,1,0.04874708774856629,0.0,train
0.9999962731732165,8258,7.676229083447054e-06,1.0,train
0.1931001671441963,0,0.3661530526706682,0.0,train
0.999205008097797,23,0.040209053963676265,1.0,train
0.9888318608883254,2,0.5712827412096002,0.0,train
0.999205008097797,15,0.05055331229970767,1.0,train
0.9888318608883254,64,0.006925568811106203,1.0,train
0.9999962731732165,5,0.29827320028002674,1.0,train
0.999205008097797,13,0.031975613655716925,1.0,train
0.999205008097797,0,0.04950590949451428,0.0,train
0.999205008097797,0,2.0626299179747023,0.0,train
0.8481306753421819,1,1.2346968287408286,1.0,train
0.9999962731732165,658,0.005498895348108068,1.0,train
0.9999962731732165,6949,0.00018977696612449356,1.0,train
0.1931001671441963,0,2.5502803447597815,0.0,train
0.999205008097797,11,0.2266605874944734,1.0,train
0.1931001671441963,0,5.0089789592252165,0.0,train
0.8481306753421819,1,0.176933824960664,1.0,train
0.1931001671441963,0,1.1597408265997278,0.0,train
0.999205008097797,9,0.0517132544211342,1.0,train
0.9888318608883254,0,1.922663198983312,0.0,train
0.1931001671441963,0,4.021495809301963,0.0,train
0.8481306753421819,0,3.817167977824048,0.0,train
0.8481306753421819,1,1.596040470303941,1.0,train
0.1931001671441963,1,0.7221392446222357,1.0,train
0.9999962731732165,16,0.02307120148423205,1.0,train
0.9888318608883254,0,0.3659490594106949,0.0,train
0.9999962731732165,570,0.004358217073602671,1.0,train
0.9888318608883254,1,0.9304499855488191,1.0,train
0.1931001671441963,0,2.138051745776829,0.0,train
0.999205008097797,50,0.010475576485204327,1.0,train
0.9888318608883254,76,0.010326664490427368,1.0,train
0.1931001671441963,0,0.7913194190065775,0.0,train
0.9888318608883254,0,4.114312137319992,0.0,train
0.999205008097797,0,3.2778951035569666,0.0,train
0.9999962731732165,1559,0.00010418057220171552,1.0,train
0.8481306753421819,0,3.5918706252441477,0.0,train
0.9999962731732165,34,0.02100786815986633,1.0,train
0.1931001671441963,0,2.0037440921357534,0.0,train
0.9888318608883254,1,0.23095076403637377,1.0,train
0.1931001671441963,0,3.7102853124655724,0.0,train
0.8481306753421819,1,0.09861129815895411,1.0,train
0.8481306753421819,0,1.3796908025309556,0.0,train
0.8481306753421819,1,0.2531827875157656,1.0,train
0.8481306753421819,20,0.004855420015903222,0.0,train
0.999205008097797,1,0.3473544125556115,1.0,train
0.9888318608883254,0,1.148697677671805,0.0,train
0.999205008097797,51,0.01791040268485292,1.0,train
0.9999962731732165,1,0.37101427239177537,1.0,train
0.1931001671441963,0,1.3912815251338404,0.0,train
0.9999962731732165,23,0.016524697131455993,1.0,train
0.9888318608883254,1,0.10665153111604103,1.0,train
0.999205008097797,1,0.18320662778926142,1.0,train
0.999205008097797,1,0.4931756517203625,0.0,train
0.8481306753421819,0,1.0540771034836836,0.0,train
0.8481306753421819,0,2.8276447410890384,0.0,train
0.1931001671441963,0,4.218015954145213,0.0,train
0.999205008097797,11,0.09250159828360169,1.0,train
0.9888318608883254,2,0.36964955017603646,1.0,train
0.1931001671441963,0,3.7168651323634156,0.0,train
0.9888318608883254,24,0.014269145558176266,0.0,train
0.9888318608883254,13,0.03411024514856363,1.0,train
0.1931001671441963,0,3.379725195584302,0.0,train
0.1931001671441963,0,3.8245204426096846,0.0,train
0.999205008097797,1035,0.0009368837766605374,1.0,train
0.1931001671441963,0,2.2758409656636047,0.0,train
0.8481306753421819,8,0.3031887394025147,1.0,train
0.9999962731732165,2227,0.0003545942159268068,1.0,train
0.999205008097797,0,5.863652156785323,0.0,train
0.1931001671441963,0,5.07671667516639,0.0,train
0.1931001671441963,0,3.0491944083160987,0.0,train
0.9999962731732165,9117,1.1445643078685682e-06,1.0,train
0.8481306753421819,0,1.2312835719835318,0.0,train
0.9888318608883254,0,0.5934239643901302,0.0,train
0.9999962731732165,698,0.00033389910893442194,1.0,train
0.8481306753421819,0,2.1347097179589682,0.0,train
0.999205008097797,4,0.3970105861856654,1.0,train
0.8481306753421819,1,0.007115365876628976,0.0,train
0.1931001671441963,0,3.265450405375777,0.0,train
0.9888318608883254,65,0.022767290263097106,1.0,train
0.999205008097797,6,0.35074100972203537,1.0,train
0.1931001671441963,1,0.10783353940509324,1.0,train
0.9888318608883254,0,3.0231636720592023,0.0,train
0.999205008097797,57,0.003086313634982695,1.0,train
0.9888318608883254,10,0.09933962967241752,1.0,train
0.9888318608883254,7,0.010062398360858012,1.0,train
0.9999962731732165,27,0.006251425798209254,1.0,train
0.9888318608883254,11,0.1403835066595547,1.0,train
0.9888318608883254,8,0.1310843051679403,1.0,train
0.9999962731732165,5859,9.022282354581972e-05,1.0,train
0.999205008097797,465,0.0013005417303008002,1.0,train
0.1931001671441963,0,5.933218954231611,0.0,train
0.999205008097797,4,0.01240839345609582,1.0,train
0.999205008097797,139,0.004573319464278684,1.0,train
0.8481306753421819,3,0.019753984721853437,1.0,train
0.9888318608883254,0,2.5964299788499283,0.0,train
0.8481306753421819,1,0.5471619394477283,1.0,train
0.1931001671441963,0,0.18739553512778206,0.0,train
0.999205008097797,7,0.12413028606374517,1.0,train
0.9999962731732165,1712,0.0003289104052363606,1.0,train
0.999205008097797,23,0.014877246208509035,1.0,train
0.999205008097797,360,0.0014949314668328607,1.0,train
0.9999962731732165,3,0.18189343922748594,1.0,train
0.1931001671441963,0,2.2517928795473052,0.0,train
0.999205008097797,19,0.08047158539342394,1.0,train
0.9999962731732165,0,5.5603402014776355,0.0,train
0.1931001671441963,0,5.381431724068894,0.0,train
0.1931001671441963,0,3.8050286474595927,0.0,train
0.9999962731732165,172,0.00018955714526680827,1.0,train
0.9888318608883254,0,4.266288024355177,0.0,train
0.1931001671441963,0,3.6808518277326847,0.0,train
0.8481306753421819,2,0.24605409860414615,1.0,train
0.9999962731732165,16,0.0024265459088179033,1.0,train
0.999205008097797,0,4.618887713998741,0.0,train
0.9999962731732165,358,0.00714605181171323,1.0,train
0.8481306753421819,0,1.7600119176225388,0.0,train
0.1931001671441963,0,3.0599914409071154,0.0,train
0.8481306753421819,0,1.2787624881008135,0.0,train
0.1931001671441963,0,2.2355366457940136,0.0,train
0.9999962731732165,0,2.470788736192794,0.0,train
0.9999962731732165,78,0.002181828760929527,1.0,train
0.9999962731732165,192,0.002515742676809185,1.0,train
0.9888318608883254,251,0.0063234360079045425,1.0,train
0.1931001671441963,0,5.985424823949822,0.0,train
0.8481306753421819,0,2.863339082316728,0.0,train
0.9999962731732165,1,0.3471761659245966,1.0,train
0.1931001671441963,0,1.3828456123186537,0.0,train
0.9888318608883254,5,0.00396051436587513,1.0,train
0.1931001671441963,0,0.9205684680202832,0.0,train
0.9999962731732165,19,0.057091871654610805,1.0,train
0.9999962731732165,5427,3.8059106387032995e-05,1.0,train
0.8481306753421819,4,0.4018397386393253,1.0,train
0.9888318608883254,3,0.006501605050339494,1.0,train
0.9999962731732165,6,0.27250592985279903,1.0,train
0.9888318608883254,175,0.007822406258206353,1.0,train
0.8481306753421819,0,1.7568509774996306,0.0,train
0.1931001671441963,0,5.910805772949325,0.0,train
0.9999962731732165,104,0.002732773076860283,1.0,train
0.1931001671441963,0,4.104125437242808,0.0,train
0.9888318608883254,10,0.05058670774723589,1.0,train
0.9999962731732165,1788,0.0014046599433645754,1.0,train
0.9888318608883254,71,0.0022764457396321713,1.0,train
0.9999962731732165,339,0.002696369538284448,1.0,train
0.9888318608883254,0,5.784594196335474,0.0,train
0.8481306753421819,0,2.794641003158242,0.0,train
0.999205008097797,2,2.6017769846139904,1.0,train
0.999205008097797,53,0.003039438751884124,1.0,train
0.1931001671441963,0,3.7231574245808994,0.0,train
0.1931001671441963,0,3.867073087791322,0.0,train
0.1931001671441963,0,5.4653662186923295,0.0,train
0.9999962731732165,121,0.004478432516566941,1.0,train
0.9999962731732165,36,0.012026796593241292,1.0,train
0.9999962731732165,1,1.0644065851371391,1.0,train
0.1931001671441963,0,3.153072561927627,0.0,train
0.9999962731732165,159,0.0017095942444819248,1.0,train
0.8481306753421819,0,1.202436038929724,0.0,train
0.9888318608883254,13,0.08606342735384584,1.0,train
0.1931001671441963,0,3.110355785924507,0.0,train
0.999205008097797,3,0.780290935984832,1.0,train
0.9999962731732165,805,0.00021753856161331987,1.0,train
0.9999962731732165,288,0.0004280617177021026,1.0,train
0.9999962731732165,1748,0.002882116814556702,1.0,train
0.8481306753421819,0,3.484791409086089,0.0,train
0.9888318608883254,160,0.00871760555709208,1.0,train
0.8481306753421819,1,1.1885122061050972,1.0,train
0.8481306753421819,3,1.4949164649286983,1.0,train
0.999205008097797,494,0.0009040742916572055,1.0,train
0.999205008097797,400,0.004316717399262622,1.0,train
0.9888318608883254,0,0.8403114806635179,0.0,train
0.999205008097797,1,0.3229573581599419,1.0,train
0.999205008097797,0,3.8760970842633595,0.0,train
0.9888318608883254,16,0.02950751380965389,1.0,train
0.9888318608883254,20,0.19408930735860191,1.0,train
0.9888318608883254,0,4.527078899444516,0.0,train
0.1931001671441963,1,0.13998504736319814,1.0,train
0.8481306753421819,4,0.17631280158428853,1.0,train
0.999205008097797,544,0.001211983524560486,1.0,train
0.1931001671441963,0,4.79935918330966,0.0,train
0.9888318608883254,376,0.005346581970388084,1.0,train
0.999205008097797,92,0.013581694254055967,1.0,train
0.999205008097797,24,0.022734571433865387,1.0,train
0.8481306753421819,0,1.4936926265703185,0.0,train
0.9999962731732165,28,0.008873311126675556,1.0,train
0.9999962731732165,3026,0.0001863036857898429,1.0,train
0.1931001671441963,0,2.5545607261861063,0.0,train
0.999205008097797,7,0.03187164913780325,1.0,train
0.1931001671441963,0,3.7921044296217628,0.0,train
0.9888318608883254,10,0.13704527317879756,1.0,train
0.8481306753421819,1,1.177083977160367,1.0,train
0.8481306753421819,0,0.7113713435210625,0.0,train
0.1931001671441963,0,2.3361778365532277,0.0,train
0.9999962731732165,1535,0.00038934310763075094,1.0,train
0.9999962731732165,18,0.024675035616806826,1.0,train
0.9888318608883254,3,0.04358102028675329,1.0,train
0.999205008097797,20,0.01905791457986174,1.0,train
0.9999962731732165,0,4.4971882038921525,0.0,train
0.9999962731732165,5,0.014001178624008572,1.0,train
0.999205008097797,1134,7.751841752934556e-05,1.0,train
0.8481306753421819,0,3.6763926651739802,0.0,train
0.1931001671441963,0,1.6172021509552204,0.0,train
0.8481306753421819,0,5.57986028193839,0.0,train
0.8481306753421819,0,1.8694045886051585,0.0,train
0.1931001671441963,0,4.8181948620334625,0.0,train
0.999205008097797,2,0.10057563263902745,1.0,train
0.9888318608883254,1,0.37693648697255583,1.0,train
0.999205008097797,0,3.439038506622686,0.0,train
0.9888318608883254,22,0.014510953357647544,1.0,train
0.1931001671441963,1,0.4726669154013645,0.0,train
0.9888318608883254,0,1.902826581024679,0.0,train
0.9999962731732165,3,1.183831541431612,1.0,train
0.1931001671441963,0,1.603531155221683,0.0,train
0.999205008097797,17,0.006308495232660564,1.0,train
0.8481306753421819,6,0.07720599927047139,1.0,train
0.1931001671441963,0,2.1125260849300727,0.0,train
0.8481306753421819,10,0.1032894656084421,1.0,train
0.9888318608883254,7,0.5341260098693684,1.0,train
0.8481306753421819,0,3.123196297457995,0.0,train
0.9999962731732165,135,0.0007496069922891855,1.0,train
0.1931001671441963,0,2.240404950020797,0.0,train
0.999205008097797,0,4.986255275240385,0.0,train
0.1931001671441963,0,4.081654647616201,0.0,train
0.1931001671441963,0,4.064986109988399,0.0,train
0.8481306753421819,6,0.36518288865895404,1.0,train
0.9888318608883254,0,5.688555537893862,0.0,train
0.999205008097797,190,0.009010170857216886,1.0,train
0.999205008097797,0,0.5135007258060533,0.0,train
0.9888318608883254,36,0.020365108773722024,1.0,train
0.999205008097797,10,0.1312144383870068,1.0,train
0.8481306753421819,0,2.453030192888357,0.0,train
0.9888318608883254,0,0.7122239034877933,0.0,train
0.1931001671441963,0,3.368652230496245,0.0,train
0.1931001671441963,0,2.191806520453058,0.0,train
0.1931001671441963,1,0.821091589811439,1.0,train
0.9999962731732165,12,0.07431330529273199,1.0,train
0.9999962731732165,49,0.0005867075508288686,1.0,train
0.9999962731732165,0,1.5493942316476161,0.0,train
0.1931001671441963,0,1.4828548126301027,0.0,train
0.8481306753421819,0,4.254485944520404,0.0,train
0.8481306753421819,0,0.768520355019418,0.0,train
0.9888318608883254,26,0.024656997159565715,1.0,train
0.9888318608883254,1,0.8534706531894253,1.0,train
0.9999962731732165,1,0.47503177665727975,1.0,train
0.8481306753421819,4,0.3855433521501414,1.0,train
0.8481306753421819,2,1.085744133861062,1.0,train
0.8481306753421819,0,2.7194235914020464,0.0,train
0.1931001671441963,0,5.5794330608074345,0.0,train
0.999205008097797,14,0.0222079535620408,1.0,train
0.1931001671441963,0,5.646829191279821,0.0,train
0.1931001671441963,0,2.1002246239014006,0.0,train
0.9999962731732165,53,0.03962462554296062,1.0,train
0.1931001671441963,1,0.7185557011811411,1.0,train
0.9999962731732165,1,0.7197597921964386,1.0,train
0.9999962731732165,2,0.35807753188855596,1.0,train
0.1931001671441963,0,3.128893650366971,0.0,train
0.9999962731732165,10,0.03221785265459553,1.0,train
0.8481306753421819,1,0.6771379161799462,1.0,train
0.8481306753421819,4,0.19227760486058149,1.0,train
0.999205008097797,7,0.041704930931489616,1.0,train
0.9999962731732165,18,0.03338361912869055,1.0,train
0.1931001671441963,0,0.7096694055172652,0.0,train
0.1931001671441963,0,1.7067725657288324,0.0,train
0.999205008097797,0,4.926780137367761,0.0,train
0.9888318608883254,1,0.9234662269526818,1.0,train
0.9888318608883254,0,4.621448732901253,0.0,train
0.8481306753421819,1,0.738908263780936,1.0,train
0.8481306753421819,3,0.24934868875981783,1.0,train
0.999205008097797,4,0.30490934473055165,1.0,train
0.9888318608883254,19,0.02612383019643228,1.0,train
0.9888318608883254,32,0.03581351586682053,1.0,train
0.9999962731732165,209,0.0073495670085770405,1.0,train
0.9888318608883254,3,0.06522052417705458,1.0,train
0.999205008097797,0,1.478172521319179,0.0,train
0.9888318608883254,2,0.023467949368723578,1.0,train
0.1931001671441963,0,2.5624157439471555,0.0,train
0.9888318608883254,7,0.04959575369344375,1.0,train
0.8481306753421819,11,0.44045875898322,1.0,train
0.9888318608883254,174,0.00012983422517646683,1.0,train
0.1931001671441963,0,5.024384985054512,0.0,train
0.999205008097797,12,0.004236213506517249,1.0,train
0.999205008097797,171,0.001527273429881345,1.0,train
0.1931001671441963,0,3.4944353737056533,0.0,train
0.1931001671441963,0,3.8404300373403384,0.0,train
0.1931001671441963,0,3.6060609468266582,0.0,train
0.9999962731732165,13,0.03817017337421192,1.0,train
0.9888318608883254,2,0.18579963579317438,1.0,train
0.999205008097797,1,0.0065572053145273555,1.0,train
0.9999962731732165,625,0.00026969018839508426,1.0,train
0.1931001671441963,0,5.50817104255109,0.0,train
0.999205008097797,225,0.0014332378488360817,1.0,train
0.9888318608883254,6,0.028079329983331847,1.0,train
0.8481306753421819,1,2.1589433849822894,0.0,train
0.8481306753421819,0,0.9036595188944307,0.0,train
0.999205008097797,6,0.13597039046763357,1.0,train
0.9888318608883254,3,0.010185255160455816,1.0,train
0.9999962731732165,298,0.003015567293521656,1.0,train
0.9999962731732165,1861,0.0004780287688122371,1.0,train
0.9888318608883254,12,0.014042574590223766,1.0,train
0.9888318608883254,0,0.05890452389428602,0.0,train
0.9999962731732165,28,0.004657219950281257,1.0,train
0.8481306753421819,5,0.1377136150447221,1.0,train
0.9999962731732165,23,0.055925393276066854,1.0,train
0.8481306753421819,0,0.8615459812490873,0.0,train
0.1931001671441963,0,5.466303440394228,0.0,train
0.8481306753421819,0,0.9718018375532917,0.0,train
0.9999962731732165,6,0.4531086219220425,1.0,train
0.1931001671441963,0,2.4285222386293737,0.0,train
0.1931001671441963,0,5.241622718279266,0.0,train
0.9999962731732165,2392,0.001028396510270268,1.0,train
0.999205008097797,8,0.18254763621890507,1.0,train
0.8481306753421819,0,4.647702059368108,0.0,train
0.1931001671441963,0,1.6008936607794317,0.0,train
0.9888318608883254,1,3.0723302845695244,1.0,train
0.9999962731732165,1541,0.000715383053548473,1.0,train
0.999205008097797,68,0.002558528733763858,1.0,train
0.8481306753421819,0,2.993946828041156,0.0,train
0.9999962731732165,32,0.03480664724323895,1.0,train
0.8481306753421819,0,2.9075614936235983,0.0,train
0.1931001671441963,0,2.3014604314219778,0.0,train
0.9888318608883254,3,0.2593531340046286,1.0,train
0.8481306753421819,4,0.14623484594660974,1.0,train
0.1931001671441963,0,3.5440366273405606,0.0,train
0.9888318608883254,34,0.011347977569587726,1.0,train
0.9888318608883254,2,0.15503313387611745,1.0,train
0.9999962731732165,68,0.005601934193780356,1.0,train
0.8481306753421819,3,0.2568941805663981,1.0,train
0.1931001671441963,0,3.550462817017201,0.0,train
0.1931001671441963,0,5.897920422415764,0.0,train
0.8481306753421819,18,0.09553689839257963,1.0,train
0.9888318608883254,16,0.08768476787431419,1.0,train
0.8481306753421819,1,0.5809268673010665,1.0,train
0.8481306753421819,4,0.5859440238284394,1.0,train
0.8481306753421819,0,5.298889121984692,0.0,train
0.999205008097797,306,0.006853433166211158,1.0,train
0.999205008097797,9,0.005205512005065132,1.0,train
0.999205008097797,29,0.00804296158640272,1.0,train
0.999205008097797,3,0.26030320022400805,1.0,train
0.9999962731732165,7,0.02625599411640234,1.0,train
0.9888318608883254,93,0.0133564425963145,1.0,train
0.9888318608883254,5,0.12366927547603791,1.0,train
0.1931001671441963,0,4.872556445936448,0.0,train
0.999205008097797,121,0.0016634058192795539,1.0,train
0.999205008097797,1,0.11136020011402614,0.0,train
0.9888318608883254,9,0.053183674716853147,1.0,train
0.9999962731732165,0,1.4633945756959588,0.0,train
0.9888318608883254,0,5.128527817433721,0.0,train
0.8481306753421819,3,0.10436872853337748,1.0,train
0.9888318608883254,2,0.9688889939977623,0.0,train
0.999205008097797,8,0.014220264511565123,1.0,train
0.8481306753421819,7,0.014172054494899576,1.0,train
0.999205008097797,69,0.0025838139761189924,1.0,train
0.1931001671441963,0,4.439273182812743,0.0,train
0.1931001671441963,0,4.851207330506679,0.0,train
0.8481306753421819,4,0.7653793353563224,1.0,train
0.9999962731732165,2,0.13777927985267402,1.0,train
0.8481306753421819,6,0.11055813404817746,1.0,train
0.1931001671441963,0,2.4662635427524773,0.0,train
0.999205008097797,198,0.0002700792574918667,1.0,train
0.1931001671441963,0,5.245529684213479,0.0,train
0.1931001671441963,2,0.3278067608637325,1.0,train
0.1931001671441963,0,5.346678110465443,0.0,train
0.9888318608883254,9,0.06167088050132043,1.0,train
0.9888318608883254,0,1.6596553322606038,0.0,train
0.999205008097797,22,0.01364697640035633,1.0,train
0.8481306753421819,0,2.705490545262986,0.0,train
0.1931001671441963,0,1.6253513604837955,0.0,train
0.9999962731732165,3963,0.00019261727541444132,1.0,train
0.1931001671441963,0,1.363824934817593,0.0,train
0.1931001671441963,0,1.7619276539481639,0.0,train
0.9888318608883254,4,0.7644062963819243,1.0,train
0.999205008097797,3,0.5864426455867815,1.0,train
0.9888318608883254,1,0.4458605326520424,1.0,train
0.9888318608883254,7,0.22292081593654026,1.0,train
0.9888318608883254,0,1.1869105889870077,0.0,train
0.9888318608883254,1,1.1418391911311412,1.0,train
0.1931001671441963,0,3.9999478495108525,0.0,train
0.9888318608883254,9,0.006174904437894602,1.0,train
0.9999962731732165,7763,6.0861628837836355e-05,1.0,train
0.9999962731732165,22,0.017346343908477873,1.0,train
0.8481306753421819,0,2.3830086649713635,0.0,train
0.999205008097797,0,1.364718658648184,0.0,train
0.9999962731732165,0,5.782457765369512,0.0,train
0.999205008097797,22,0.0664388000747042,1.0,train
0.999205008097797,0,0.725530787605912,0.0,train
0.999205008097797,35,0.023492866127127775,1.0,train
0.9888318608883254,3,0.03184427712599928,1.0,train
0.999205008097797,98,0.002503755196892718,1.0,train
0.8481306753421819,0,2.3296365155994088,0.0,train
0.999205008097797,444,0.0013603918192908926,1.0,train
0.8481306753421819,1,0.12363996149393171,1.0,train
0.9999962731732165,103,0.010017561813787948,1.0,train
0.9888318608883254,169,0.0003258173993660339,1.0,train
0.1931001671441963,0,4.2148664140695,0.0,train
0.9999962731732165,19,0.0003016079865385616,1.0,train
0.9888318608883254,3,0.46828911094883935,1.0,train
0.9888318608883254,2,0.16057998414243355,1.0,train
0.1931001671441963,0,5.381427969922089,0.0,train
0.9888318608883254,45,0.01878342781503581,1.0,train
0.8481306753421819,0,4.798529793604265,0.0,train
0.9999962731732165,1,0.136015193807576,1.0,train
0.999205008097797,0,2.467129977224481,0.0,train
0.999205008097797,0,2.680644524868205,0.0,train
0.9999962731732165,347,0.000649565277758466,1.0,train
0.1931001671441963,0,0.3368923491531095,0.0,train
0.8481306753421819,1,0.27923376391898413,1.0,train
0.8481306753421819,2,0.3548797735485955,1.0,train
0.8481306753421819,5,0.025080498567446548,1.0,train
0.1931001671441963,0,5.368447456055763,0.0,train
0.9888318608883254,7,0.2208885281225214,1.0,train
0.999205008097797,1,0.5767690377885347,1.0,train
0.8481306753421819,4,0.26986592603370796,1.0,train
0.8481306753421819,0,3.262869194831768,0.0,train
0.9999962731732165,24,0.06571602095513339,1.0,train
0.9888318608883254,2,0.6173288820221812,1.0,train
0.9999962731732165,55,0.002789795628371662,1.0,train
0.1931001671441963,0,3.085252280267353,0.0,train
0.9888318608883254,198,0.014346500540483047,1.0,train
0.9888318608883254,5,0.4042418770934305,1.0,train
0.8481306753421819,0,0.4046060659939772,0.0,train
0.999205008097797,62,0.007690115637143581,1.0,train
0.9888318608883254,29,0.012536964862253478,1.0,train
0.1931001671441963,0,2.9515249349491963,0.0,train
0.9999962731732165,1,0.42324533161933,1.0,train
0.999205008097797,0,4.30808851731726,0.0,train
0.9999962731732165,4462,0.00030205213564137587,1.0,train
0.9999962731732165,240,0.005367786195808717,1.0,train
0.8481306753421819,0,2.146806954579701,0.0,train
0.9888318608883254,0,5.403932122259903,0.0,train
0.9999962731732165,6950,6.55671016233631e-05,1.0,train
0.9999962731732165,1,0.04954544593354921,1.0,train
0.1931001671441963,0,3.1300024379402553,0.0,train
0.9888318608883254,1,0.07837792924004611,1.0,train
0.9999962731732165,4155,0.00030228116621484587,1.0,train
0.9888318608883254,0,1.9294993000568386,0.0,train
0.999205008097797,408,0.004173021584480883,1.0,train
0.8481306753421819,2,0.6453269930166535,1.0,train
0.8481306753421819,2,0.6692258343878725,1.0,train
0.999205008097797,4,0.29975381003864754,1.0,train
0.9888318608883254,3,0.36007482904758475,1.0,train
0.999205008097797,9,0.061151971893837816,1.0,train
0.9999962731732165,958,0.005834696347279561,1.0,train
0.999205008097797,2,0.1046132365830718,1.0,train
0.1931001671441963,0,5.349103780446549,0.0,train
0.999205008097797,6,0.10259874497451814,1.0,train
0.1931001671441963,0,1.7666223271974182,0.0,train
0.9888318608883254,1,0.22177526972300068,1.0,train
0.1931001671441963,0,1.795045137918561,0.0,train
0.9999962731732165,300,0.0001558134168774851,1.0,train
0.8481306753421819,0,0.30194892118938754,0.0,train
0.999205008097797,1081,5.5581654368030473e-05,1.0,train
0.9888318608883254,0,2.998304671026287,0.0,train
0.9999962731732165,0,1.6206430661752733,0.0,train
0.8481306753421819,0,2.260784516916039,0.0,train
0.999205008097797,19,0.0033785710404165767,1.0,train
0.9999962731732165,4,0.2964740042592451,1.0,train
0.999205008097797,1,0.8776765656464401,1.0,train
0.9888318608883254,19,0.024263922794207422,1.0,train
0.1931001671441963,0,1.4050698713385408,0.0,train
0.9888318608883254,7,0.18302296723951167,1.0,train
0.999205008097797,424,0.0017700554800515452,1.0,train
0.9999962731732165,4161,0.00038444642316266315,1.0,train
0.9999962731732165,1612,0.00011518548992501048,1.0,train
0.9888318608883254,0,0.5377084121158819,0.0,train
0.9888318608883254,25,0.016397402109142083,1.0,train
0.9999962731732165,29,0.06305661847402728,1.0,train
0.999205008097797,319,0.0032369007397400726,1.0,train
0.9888318608883254,1,0.5436989980848487,1.0,train
0.9888318608883254,1,0.4975619116646808,1.0,train
0.999205008097797,22,0.0033416849311311294,1.0,train
0.9888318608883254,2,1.011423595776691,1.0,train
0.9999962731732165,717,0.0002663944164224941,1.0,train
0.1931001671441963,0,5.772210406552969,0.0,train
0.9999962731732165,1,0.2555932592577119,1.0,train
0.8481306753421819,4,0.05163873555502729,1.0,train
0.1931001671441963,1,2.0555354259856857,0.0,train
0.1931001671441963,0,4.6446007428978895,0.0,train
0.8481306753421819,1,0.828347732420135,1.0,train
0.9888318608883254,3,0.016486319971833356,1.0,train
0.8481306753421819,6,0.06199204447985839,1.0,train
0.9888318608883254,1,1.6306657185309057,1.0,train
0.8481306753421819,1,2.9313453064516057,1.0,train
0.9888318608883254,86,0.014154068522738678,1.0,train
0.1931001671441963,0,5.1302089440402,0.0,train
0.999205008097797,32,0.06259621888511657,0.0,train
0.999205008097797,4,0.9015921610182199,1.0,train
0.8481306753421819,0,2.0344765638180355,0.0,train
0.999205008097797,2,0.45088035387866277,1.0,train
0.9999962731732165,330,0.00046440464710280967,1.0,train
0.999205008097797,111,0.01040504727891912,1.0,train
0.9999962731732165,43,0.01842186648026094,1.0,train
0.9999962731732165,15,0.013357932946395451,1.0,train
0.9888318608883254,16,0.027383647990868436,1.0,train
0.9888318608883254,31,0.03344869574766264,1.0,train
0.9888318608883254,0,1.4975759632608505,0.0,train
0.8481306753421819,0,2.2239391164429216,0.0,train
0.999205008097797,248,0.0007220199572393931,1.0,train
0.9999962731732165,2243,0.0006585938659835718,1.0,train
0.1931001671441963,0,0.7610730516218558,0.0,train
0.8481306753421819,2,0.10409641853212029,1.0,train
0.8481306753421819,1,0.3252021386068453,1.0,train
0.8481306753421819,0,3.3703260624748346,0.0,train
0.999205008097797,0,3.696836163265059,0.0,train
0.1931001671441963,0,1.6970345936161226,0.0,train
0.9888318608883254,0,0.3571806439791718,0.0,train
0.999205008097797,0,0.1986958166909749,0.0,train
0.8481306753421819,4,0.489449015851677,1.0,train
0.1931001671441963,0,3.912103166522775,0.0,train
0.1931001671441963,0,3.4571936904701803,0.0,train
0.9888318608883254,0,2.3413003381314654,0.0,train
0.8481306753421819,0,2.6248507380801107,0.0,train
0.8481306753421819,1,0.5719844518983044,1.0,train
0.8481306753421819,0,4.89952379112323,0.0,train
0.1931001671441963,0,2.126673851675821,0.0,train
0.1931001671441963,0,5.086299216915885,0.0,train
0.9888318608883254,1,0.33619259566063114,1.0,train
0.1931001671441963,0,2.916312206056677,0.0,train
0.9999962731732165,113,0.016344785679244248,1.0,train
0.9999962731732165,0,5.870629727421527,0.0,train
0.999205008097797,4,0.014233160966188556,1.0,train
0.999205008097797,1,0.06951538495363886,1.0,train
0.9888318608883254,1,0.7423580406396679,0.0,train
0.9888318608883254,1,0.4319746585532621,1.0,train
0.8481306753421819,3,0.13456746545659645,1.0,train
0.999205008097797,37,0.0017858951228225675,1.0,train
0.999205008097797,0,2.1851039637630585,0.0,train
0.1931001671441963,0,0.007216080487755905,0.0,train
0.9999962731732165,174,0.0008217955199155266,1.0,train
0.999205008097797,1253,6.631402254663264e-05,1.0,train
0.1931001671441963,0,5.955457058343415,0.0,train
0.8481306753421819,2,1.340126199029621,1.0,train
0.999205008097797,0,1.3706129651604495,0.0,train
0.1931001671441963,0,0.8241612876862192,0.0,train
0.8481306753421819,2,0.4779951798990156,1.0,train
0.9999962731732165,261,0.0036887314872221994,1.0,train
0.1931001671441963,0,3.946375522678899,0.0,train
0.9888318608883254,0,3.169514352997778,0.0,train
0.1931001671441963,0,3.652071302103825,0.0,train
0.1931001671441963,0,5.157409745289597,0.0,train
0.999205008097797,10,0.0980791350009204,1.0,train
0.9999962731732165,110,0.012480440229636956,1.0,train
0.8481306753421819,0,2.1685955185701156,0.0,train
0.9888318608883254,0,2.564499907549007,0.0,train
0.8481306753421819,0,5.095757023430042,0.0,train
0.9999962731732165,332,0.007624047886196819,1.0,train
0.8481306753421819,1,0.13190845543257523,1.0,train
0.999205008097797,88,0.0008215060662213918,1.0,train
0.8481306753421819,2,2.6746873851601665,1.0,train
0.9888318608883254,55,0.0603352513924045,1.0,train
0.999205008097797,2,0.8828313489165394,0.0,train
0.9888318608883254,0,3.20622621783593,0.0,train
0.999205008097797,1721,0.0007453365778560976,1.0,train
0.1931001671441963,0,0.7530756531235714,0.0,train
0.8481306753421819,3,1.028379930835278,1.0,train
0.8481306753421819,0,1.9752692520222437,0.0,train
0.999205008097797,2,0.7934944590718744,1.0,train
0.1931001671441963,0,2.158238405952262,0.0,train
0.1931001671441963,0,2.952885883233135,0.0,train
0.999205008097797,569,0.0018481317541990748,1.0,train
0.999205008097797,0,5.42667300244906,0.0,train
0.1931001671441963,0,5.133294892154657,0.0,train
0.8481306753421819,0,3.7669903745805766,0.0,train
0.9888318608883254,6,0.05972432561409573,1.0,train
0.8481306753421819,0,1.3679494790985482,0.0,train
0.8481306753421819,5,0.3289627557567956,1.0,train
0.1931001671441963,0,5.097926079855474,0.0,train
0.9999962731732165,4785,0.0001016454354067549,1.0,train
0.8481306753421819,0,1.040449555379025,0.0,train
0.9888318608883254,91,0.009798132720453432,1.0,train
0.1931001671441963,0,3.081012689093194,0.0,train
0.9999962731732165,3,0.038918185128873455,1.0,train
0.8481306753421819,0,2.934270899116079,0.0,train
0.999205008097797,0,2.155426804418055,0.0,train
0.999205008097797,72,0.009295923209669415,1.0,train
0.999205008097797,322,0.00045457297703393513,1.0,train
0.9888318608883254,49,0.00886311260854193,1.0,train
0.9999962731732165,151,0.0015141844448637973,1.0,train
0.999205008097797,314,0.0019517080924807088,1.0,train
0.9999962731732165,43,0.04816133137395731,1.0,train
0.9888318608883254,0,5.647071421610207,0.0,train
0.1931001671441963,0,5.002544635942857,0.0,train
0.999205008097797,385,0.0013227981297670452,1.0,train
0.9888318608883254,4,0.7205419088086915,1.0,train
0.9999962731732165,1653,0.001949329100429206,1.0,train
0.8481306753421819,1,0.7030245345746107,1.0,train
0.999205008097797,11,0.10620980859758333,1.0,train
0.9999962731732165,65,0.01687937692769794,1.0,train
0.9999962731732165,1536,0.0005004147434204443,1.0,train
0.8481306753421819,1,0.02280845629274522,1.0,train
0.9999962731732165,3,0.13715980487751836,1.0,train
0.999205008097797,0,5.3270078490353825,0.0,train
0.9999962731732165,1054,0.0020723161310113947,1.0,train
0.9999962731732165,7,0.33489369557859194,1.0,train
0.999205008097797,4,0.9866620924744113,1.0,train
0.8481306753421819,0,2.0065405137942736,0.0,train
0.9888318608883254,12,0.005311285074418488,1.0,train
0.9999962731732165,1675,0.0031129670448066474,1.0,train
0.1931001671441963,0,0.3713187629152166,0.0,train
0.999205008097797,3,0.22229583675163,1.0,train
0.1931001671441963,0,2.9408232187201864,0.0,train
0.9888318608883254,173,0.0032005553775533084,1.0,train
0.9888318608883254,4,0.09496640549919068,1.0,train
0.9999962731732165,13,0.016514854731435585,1.0,train
0.1931001671441963,0,3.7569192254944115,0.0,train
0.8481306753421819,1,0.6330456211324199,1.0,train
0.1931001671441963,0,4.991595604312126,0.0,train
0.9999962731732165,258,0.0004138568655010661,1.0,train
0.8481306753421819,0,5.2087920744103995,0.0,train
0.9999962731732165,2380,0.0009118076238982946,1.0,train
0.9888318608883254,20,0.014326506135680176,1.0,train
0.999205008097797,105,0.009406442928392853,1.0,train
0.9999962731732165,1,0.04759611446408252,1.0,train
0.999205008097797,48,0.013503465649129978,1.0,train
0.1931001671441963,0,1.5072504295084976,0.0,train
0.9888318608883254,1,1.2499835938689745,0.0,train
0.8481306753421819,12,0.040643492550397606,1.0,train
0.1931001671441963,0,0.196020186109094,0.0,train
0.9888318608883254,0,1.755943527860635,0.0,train
0.999205008097797,175,0.00100845984589374,1.0,train
0.999205008097797,40,0.008838543146481243,1.0,train
0.9888318608883254,17,0.06421786903609843,1.0,train
0.9888318608883254,1,0.24400348234989722,1.0,train
0.999205008097797,466,0.0005353944044041936,1.0,train
0.9888318608883254,1,0.029369810539839853,1.0,train
0.9888318608883254,5,0.09366700728197706,1.0,train
0.9999962731732165,9571,3.750992769729576e-05,1.0,train
0.999205008097797,2,0.06973498671166434,1.0,train
0.9888318608883254,25,0.010937195372312735,1.0,train
0.1931001671441963,0,3.2003403373025563,0.0,train
0.999205008097797,1,0.41314880492488765,1.0,train
0.999205008097797,341,0.0024130233461706232,1.0,train
0.9888318608883254,1,1.510973057809615,1.0,train
0.1931001671441963,0,5.390551470201228,0.0,train
0.9999962731732165,75,0.03631142243902303,1.0,train
0.9999962731732165,3,0.8683658876029222,1.0,train
0.9888318608883254,48,0.02963574276240059,1.0,train
0.8481306753421819,1,0.3012090739786453,1.0,train
0.999205008097797,498,0.0068040312130412195,1.0,train
0.999205008097797,447,0.0004277006223565084,1.0,train
0.8481306753421819,0,3.648353865581716,0.0,train
0.1931001671441963,0,4.989256138503581,0.0,train
0.9999962731732165,85,0.018448031473017587,1.0,train
0.1931001671441963,0,3.276588089858703,0.0,train
0.9999962731732165,6,0.056123916558660975,1.0,train
0.999205008097797,88,0.000601079013838558,1.0,train
0.8481306753421819,0,5.94300201458512,0.0,train
0.8481306753421819,0,2.5177448056044387,0.0,train
0.1931001671441963,0,3.7810070047206388,0.0,train
0.9999962731732165,19,0.11416354797374054,1.0,train
0.9888318608883254,119,0.020424757112052248,1.0,train
0.1931001671441963,0,4.8311146115133035,0.0,train
0.1931001671441963,0,0.9230487565697598,0.0,train
0.1931001671441963,1,1.2009977142981718,1.0,train
0.999205008097797,0,3.085698485380706,0.0,train
0.8481306753421819,3,0.42005386824966984,1.0,train
0.9999962731732165,11,0.06676873783184716,1.0,train
0.1931001671441963,0,0.17940100614449062,0.0,train
0.1931001671441963,0,2.568309844185351,0.0,train
0.8481306753421819,0,4.232816055027015,0.0,train
0.8481306753421819,0,3.166222446173724,0.0,train
0.999205008097797,48,0.024393063151200003,1.0,train
0.9999962731732165,318,0.0017681211899641923,1.0,train
0.1931001671441963,0,3.3353996501502072,0.0,train
0.1931001671441963,0,4.041898631941718,0.0,train
0.8481306753421819,0,1.1993436635690702,0.0,train
0.999205008097797,1,1.9086712514013915,1.0,train
0.8481306753421819,2,0.7313644736378866,1.0,train
0.9888318608883254,2,0.6459168007106303,1.0,train
0.8481306753421819,0,3.713067786593861,0.0,train
0.1931001671441963,0,1.2771984689157412,0.0,train
0.8481306753421819,0,3.207604263929678,0.0,train
0.8481306753421819,0,5.548150111941975,0.0,train
0.9888318608883254,1,0.08896844281780288,1.0,train
0.9888318608883254,1,0.7763316253084462,1.0,train
0.999205008097797,3,0.054887871022326146,1.0,train
0.999205008097797,0,1.5859225295091162,0.0,train
0.1931001671441963,0,0.7993634531053,0.0,train
0.9999962731732165,154,0.00643284276971387,1.0,train
0.1931001671441963,0,0.4206182626502124,0.0,train
0.8481306753421819,2,0.08375391103083665,1.0,train
0.9999962731732165,856,0.004348502056996179,1.0,train
0.999205008097797,127,0.01087173480347362,1.0,train
0.999205008097797,88,0.008572557821942819,1.0,train
0.8481306753421819,2,1.1229823974191575,1.0,train
0.9888318608883254,0,5.341935354281172,0.0,train
0.1931001671441963,0,4.813415897108012,0.0,train
0.9888318608883254,8,0.006456051425096638,1.0,train
0.9999962731732165,0,2.7283807768775095,0.0,train
0.9999962731732165,3,0.12817711255877962,0.0,train
0.1931001671441963,0,5.186531099921036,0.0,train
0.999205008097797,294,0.0012557290845753503,1.0,train
0.1931001671441963,0,3.977150304573184,0.0,train
0.1931001671441963,0,3.122242409788461,0.0,train
0.999205008097797,17,0.2170794629987337,1.0,train
0.999205008097797,8,0.2544275407849041,1.0,train
0.999205008097797,1,1.43590614488133,1.0,train
0.9888318608883254,2,0.6957321103989007,1.0,train
0.8481306753421819,0,4.26918335463523,0.0,train
0.999205008097797,697,0.0012180773900262285,1.0,train
0.999205008097797,1206,0.0006918356262949621,1.0,train
0.999205008097797,280,9.372702148839202e-05,1.0,train
0.999205008097797,2,0.2067404644275537,1.0,train
0.8481306753421819,0,4.9914482658407096,0.0,train
0.9888318608883254,3,0.5113783182941251,1.0,train
0.999205008097797,99,0.004159009269617992,1.0,train
0.8481306753421819,1,0.07191908150968174,1.0,train
0.1931001671441963,0,5.7124044653481825,0.0,train
0.1931001671441963,0,5.285528828681009,0.0,train
0.9888318608883254,20,0.06498179870478032,1.0,train
0.9999962731732165,115,0.018545714166638402,1.0,train
0.1931001671441963,1,1.2057662125579627,1.0,train
0.8481306753421819,4,0.11166095014616233,1.0,train
0.8481306753421819,0,0.09706296572829132,0.0,train
0.8481306753421819,18,0.013980003146969632,1.0,train
0.9888318608883254,36,0.0527746727615768,1.0,train
0.8481306753421819,0,1.9924350558071622,0.0,train
0.999205008097797,61,0.04478118691609887,1.0,train
0.9999962731732165,3801,0.0004872480381847438,1.0,train
0.8481306753421819,3,0.0036787745340858976,1.0,train
0.9888318608883254,5,0.23379978643527222,1.0,train
0.1931001671441963,0,5.773872181680847,0.0,train
0.1931001671441963,2,0.46563192417208127,1.0,train
0.9999962731732165,96,0.002713099933802057,1.0,train
0.8481306753421819,0,0.7444346002578621,0.0,train
0.1931001671441963,0,0.3171759803423069,0.0,train
0.9999962731732165,14,0.01777651120363223,1.0,train
0.8481306753421819,0,0.6960969389235803,0.0,train
0.9888318608883254,0,1.3566009151739045,0.0,train
0.8481306753421819,0,0.37556835753756435,0.0,train
0.1931001671441963,0,3.5554421562244167,0.0,train
0.9888318608883254,0,5.725519623737778,0.0,train
0.1931001671441963,0,3.0926063829285626,0.0,train
0.999205008097797,0,3.3227172247652677,0.0,train
0.1931001671441963,0,2.326116220328711,0.0,train
0.9999962731732165,64,0.041310149956035394,1.0,train
0.9888318608883254,213,0.006793688791619386,1.0,train
0.1931001671441963,0,0.4969043462828908,0.0,train
0.9888318608883254,0,1.273229568766874,0.0,train
0.9888318608883254,1,0.9887408668722826,0.0,train
0.999205008097797,6,0.017027255827959185,1.0,train
0.9888318608883254,3,0.27618953850368,1.0,train
0.9888318608883254,0,0.6127925655599242,0.0,train
0.999205008097797,17,0.06061326854961249,1.0,train
0.1931001671441963,0,5.915664210597484,0.0,train
0.9999962731732165,5,0.21287646550524478,1.0,train
0.9888318608883254,2,0.17461953746461134,1.0,train
0.999205008097797,333,0.0016073366052106782,1.0,train
0.1931001671441963,0,1.6488295271301765,0.0,train
0.999205008097797,2,0.09741161209938153,1.0,train
0.1931001671441963,0,0.10190277362158984,0.0,train
0.9888318608883254,0,2.855166759011757,0.0,train
0.9888318608883254,1,0.045044545627717,1.0,train
0.9888318608883254,52,0.041101681323213,1.0,train
0.9888318608883254,1,0.007573278205077619,1.0,train
0.8481306753421819,1,0.3955534012438241,1.0,train
0.9999962731732165,872,0.001954659125904607,1.0,train
0.9999962731732165,0,3.9709953880376894,0.0,train
0.9999962731732165,17,0.13659642000150074,1.0,train
0.9888318608883254,8,0.07316142054296065,1.0,train
0.8481306753421819,0,2.5964065867674764,0.0,train
0.9999962731732165,92,0.01429190218207535,1.0,train
0.9999962731732165,104,0.0268408310999796,1.0,train
0.9999962731732165,0,0.6912910463838426,0.0,train
0.999205008097797,67,0.008418196443235843,1.0,train
0.8481306753421819,0,0.38803041225995694,0.0,train
0.1931001671441963,0,3.828826035689689,0.0,train
0.8481306753421819,1,1.429585059924958,0.0,train
0.9888318608883254,0,0.05299689374210059,0.0,train
0.1931001671441963,0,3.080441222708907,0.0,train
0.9999962731732165,4313,0.0007910440807603092,1.0,train
0.9999962731732165,6157,0.0001276809738072026,1.0,train
0.9888318608883254,10,0.1229533984578606,1.0,train
0.1931001671441963,0,1.5297899169411808,0.0,train
0.9888318608883254,41,0.005847008899300387,1.0,train
0.8481306753421819,0,2.909395729180658,0.0,train
0.8481306753421819,0,0.7882280157676409,0.0,train
0.1931001671441963,0,5.659182480703089,0.0,train
0.1931001671441963,0,5.839555855146486,0.0,train
0.999205008097797,11,0.19378827365972492,1.0,train
0.9888318608883254,49,0.007795332581476495,1.0,train
0.1931001671441963,0,3.9854966232758677,0.0,train
0.9999962731732165,33,0.004601171436150957,1.0,train
0.999205008097797,262,0.0049954402603619745,1.0,train
0.999205008097797,137,0.002290993212018067,1.0,train
0.9888318608883254,0,5.690392287229441,0.0,train
0.9999962731732165,6196,0.00037863783772780664,1.0,train
0.9888318608883254,5,0.3592224834229106,1.0,train
0.8481306753421819,17,0.03091601711124248,1.0,train
0.8481306753421819,0,1.54592149380105,0.0,train
0.999205008097797,57,0.03447800644900475,1.0,train
0.1931001671441963,0,3.983519387526682,0.0,train
0.1931001671441963,0,3.9967885722797636,0.0,train
0.8481306753421819,3,0.5121702875173845,1.0,train
0.1931001671441963,0,0.01577670178450341,0.0,train
0.1931001671441963,0,2.6584108012822516,0.0,train
0.9999962731732165,807,0.002612186423551749,1.0,train
0.9999962731732165,309,0.00040754630067546354,1.0,train
0.9888318608883254,97,0.0002263853759498438,1.0,train
0.9888318608883254,85,0.010572117768432261,1.0,train
0.9999962731732165,462,0.00298918192211083,1.0,train
0.8481306753421819,0,1.3417470715866147,0.0,train
0.9888318608883254,1,1.3376948252185152,1.0,train
0.9999962731732165,3,0.24712224438046715,1.0,train
0.1931001671441963,0,1.4937205424960236,0.0,train
0.1931001671441963,0,3.6141352957861455,0.0,train
0.8481306753421819,0,4.480053471067589,0.0,train
0.8481306753421819,0,1.3997464217821267,0.0,train
0.8481306753421819,11,0.47345169819157573,1.0,train
0.1931001671441963,0,0.21875039609224523,0.0,train
0.1931001671441963,1,0.37518884175741474,0.0,train
0.1931001671441963,0,3.41804093106538,0.0,train
0.1931001671441963,0,1.7332531956552537,0.0,train
0.999205008097797,85,0.008451063746657826,1.0,train
0.8481306753421819,0,2.868612956483137,0.0,train
0.1931001671441963,0,3.61527780870434,0.0,train
0.9888318608883254,27,0.05385225568383137,1.0,train
0.8481306753421819,0,4.339985655132736,0.0,train
0.8481306753421819,4,0.018384624915926445,1.0,train
0.999205008097797,1,0.08412144406415019,1.0,train
0.8481306753421819,0,3.0625238450915817,0.0,train
0.8481306753421819,3,0.0035391780432547553,1.0,train
0.999205008097797,55,0.029452955568217396,1.0,train
0.999205008097797,1,0.36444161567162964,1.0,train
0.999205008097797,338,0.0014588794009102975,1.0,train
0.1931001671441963,1,0.27076580807452005,1.0,train
0.1931001671441963,1,0.644456596002722,1.0,train
0.9999962731732165,251,0.0016195534700315522,1.0,train
0.999205008097797,5,0.46463729318406877,1.0,train
0.8481306753421819,0,5.18858097412798,0.0,train
0.9888318608883254,40,0.02807674546733342,1.0,train
0.8481306753421819,4,0.01568651539913774,1.0,train
0.1931001671441963,0,0.7958347217397084,0.0,train
0.999205008097797,32,0.03729003415045104,1.0,train
0.8481306753421819,3,0.7192335611554901,0.0,train
0.8481306753421819,0,0.5256671565798112,0.0,train
0.999205008097797,7,0.1970978025729884,1.0,train
0.1931001671441963,0,1.4146177035989749,0.0,train
0.999205008097797,1,0.9252372921227694,1.0,train
0.9999962731732165,3,0.27493448839735957,1.0,train
0.999205008097797,41,0.013312745271462376,1.0,train
0.999205008097797,190,0.002717064113881003,1.0,train
0.1931001671441963,0,5.3781456794048506,0.0,train
0.8481306753421819,0,5.166599591523806,0.0,train
0.1931001671441963,0,1.1262179573865243,0.0,train
0.9888318608883254,0,1.5632486977663904,0.0,train
0.999205008097797,156,0.012170908908166642,1.0,train
0.9999962731732165,34,0.0008798080245232476,1.0,train
0.9888318608883254,1,0.36665791474935583,0.0,train
0.8481306753421819,4,0.14262984841725374,1.0,train
0.999205008097797,17,0.18865252491659718,1.0,train
0.9999962731732165,133,0.0045578255402227656,1.0,train
0.9999962731732165,0,4.278488678310591,0.0,train
0.1931001671441963,0,4.953353568435139,0.0,train
0.9888318608883254,105,0.006635658983517562,1.0,train
0.8481306753421819,9,0.09760274649996453,1.0,train
0.1931001671441963,0,2.6504388632503497,0.0,train
0.9999962731732165,0,0.9411321542988951,0.0,train
0.999205008097797,54,0.0070933999386034495,1.0,train
0.1931001671441963,0,5.35797529042658,0.0,train
0.999205008097797,1301,0.0004290296071633695,1.0,train
0.999205008097797,131,0.020038850683563616,1.0,train
0.1931001671441963,0,2.366794873975082,0.0,train
0.9999962731732165,0,0.6919481948613355,0.0,train
0.1931001671441963,0,3.9217925672955873,0.0,train
0.8481306753421819,0,4.54340643642832,0.0,train
0.9999962731732165,128,0.0013349157271155992,1.0,train
0.9888318608883254,3,0.9594850138816932,1.0,train
0.8481306753421819,0,0.5932408658319284,0.0,train
0.9999962731732165,609,0.0003788134818059475,1.0,train
0.9999962731732165,8477,5.360798816935488e-05,1.0,train
0.9888318608883254,1,0.05822587873652386,1.0,train
0.1931001671441963,0,5.45230231663486,0.0,train
0.1931001671441963,0,2.00276813756102,0.0,train
0.8481306753421819,1,0.22668161434834122,0.0,train
0.999205008097797,0,0.19279371127966827,0.0,train
0.999205008097797,82,0.008656511885566577,1.0,train
0.8481306753421819,0,4.706860407544875,0.0,train
0.999205008097797,6,0.20245478982498916,1.0,train
0.8481306753421819,1,0.9535199150875625,1.0,train
0.1931001671441963,0,1.7251799109118942,0.0,train
0.1931001671441963,0,1.6083913439652298,0.0,train
0.999205008097797,108,0.007709993060232531,1.0,train
0.1931001671441963,1,0.7588154540046314,1.0,train
0.9999962731732165,966,0.0006591977450726029,1.0,train
0.1931001671441963,0,1.8814627701280067,0.0,train
0.9888318608883254,2,0.0970911616419998,1.0,train
0.9999962731732165,13,0.06920676560629935,1.0,train
0.1931001671441963,0,5.441921882117846,0.0,train
0.999205008097797,364,0.0011358254687352924,1.0,train
0.999205008097797,3,0.2947281068824671,1.0,train
0.999205008097797,12,0.003784601702107499,1.0,train
0.999205008097797,146,0.0105272871877951,1.0,train
0.9888318608883254,1,0.33269192911654466,1.0,train
0.8481306753421819,0,5.905289997588159,0.0,train
0.1931001671441963,0,5.237978733491076,0.0,train
0.9888318608883254,17,0.020056489809663028,1.0,train
0.9999962731732165,0,4.981899834808852,0.0,train
0.1931001671441963,0,0.7371481450599535,0.0,train
0.9888318608883254,0,0.40103644067929456,0.0,train
0.9999962731732165,1,0.4994767400722364,0.0,train
0.9999962731732165,10,0.09772622784763878,1.0,train
0.999205008097797,693,0.0020845672213998384,1.0,train
0.8481306753421819,0,1.5887748737741636,0.0,train
0.1931001671441963,0,0.3462576888395812,0.0,train
0.9999962731732165,162,0.0009100742006384355,1.0,train
0.9999962731732165,0,3.4792198815193336,0.0,train
0.9888318608883254,15,0.05909411413314696,1.0,train
0.8481306753421819,0,2.651664069171913,0.0,train
0.1931001671441963,0,3.3896019356062306,0.0,train
0.9888318608883254,0,2.9856655062182287,0.0,train
0.999205008097797,2882,0.0008654734133608005,1.0,train
0.8481306753421819,0,3.780078412661659,0.0,train
0.9888318608883254,5,0.11717568036553655,1.0,train
0.999205008097797,2,0.8757757619806209,1.0,train
0.9999962731732165,1434,0.0007311460284047499,1.0,train
0.8481306753421819,1,0.9218742165275173,1.0,train
0.1931001671441963,0,4.961403028801742,0.0,train
0.8481306753421819,6,0.37279183604696975,1.0,train
0.9999962731732165,770,0.0011697637540712025,1.0,train
0.999205008097797,0,1.7771901181808378,0.0,train
0.9888318608883254,96,0.0036266361095815,1.0,train
0.9999962731732165,1367,9.853101619303823e-06,1.0,train
0.999205008097797,0,1.350434670225904,0.0,train
0.999205008097797,523,0.005367943482710067,1.0,train
0.9888318608883254,0,0.5900754121524463,0.0,train
0.999205008097797,5,0.1912199630561374,1.0,train
0.8481306753421819,0,5.99595248105279,0.0,train
0.999205008097797,10,0.0024388115739453404,1.0,train
0.1931001671441963,0,2.7698602615591468,0.0,train
0.9999962731732165,327,0.0002033922753445965,1.0,train
0.8481306753421819,1,1.1907765882735901,1.0,train
0.1931001671441963,0,3.4786827185329114,0.0,train
0.9888318608883254,0,0.3999420757438903,0.0,train
0.9888318608883254,155,0.009443566063569072,1.0,train
0.999205008097797,16,0.008361046884601512,1.0,train
0.999205008097797,134,0.01087386351595153,1.0,train
0.8481306753421819,0,0.7473606045217427,0.0,train
0.1931001671441963,1,0.22647911986702782,1.0,train
0.9999962731732165,73,0.010788966811583133,1.0,train
0.1931001671441963,0,3.0401832068857084,0.0,train
0.9888318608883254,12,0.01910077281704131,1.0,train
0.999205008097797,2,0.17739346750584317,1.0,train
0.9888318608883254,2,1.172294511819586,1.0,train
0.8481306753421819,1,0.616211832692845,1.0,train
0.1931001671441963,1,0.08774124091824596,1.0,train
0.999205008097797,3,0.07909142465994226,1.0,train
0.1931001671441963,1,0.03747280860665225,0.0,train
0.9888318608883254,0,3.4324637479583506,0.0,train
0.9999962731732165,0,2.7925688649287816,0.0,train
0.8481306753421819,0,3.8258932395127454,0.0,train
0.9999962731732165,1,0.03109092885587144,1.0,train
0.999205008097797,3,0.4344660984101159,1.0,train
0.9888318608883254,14,0.0006866035493953114,1.0,train
0.8481306753421819,4,0.05281393059926641,1.0,train
0.9999962731732165,195,0.0009041379675702113,1.0,train
0.9888318608883254,115,0.0030150887584543405,1.0,train
0.9888318608883254,0,3.5433702855987566,0.0,train
0.9888318608883254,7,0.015721205157920002,1.0,train
0.9888318608883254,1,1.623882708734331,0.0,train
0.1931001671441963,0,5.404941798122497,0.0,train
0.1931001671441963,0,4.067756863608597,0.0,train
0.9999962731732165,5,0.6240917079003908,1.0,train
0.9888318608883254,49,0.030675696256463113,1.0,train
0.9999962731732165,2272,0.00023167114615710283,1.0,train
0.9999962731732165,82,0.02311314151900334,1.0,train
0.9999962731732165,0,4.829144865904798,0.0,train
0.9999962731732165,1515,0.0010871657340451835,1.0,train
0.9888318608883254,0,4.261235029488239,0.0,train
0.9999962731732165,3,0.1537209249630731,1.0,train
0.999205008097797,0,2.8827856624075423,0.0,train
0.1931001671441963,0,2.861087507132004,0.0,train
0.9888318608883254,1,0.06626182824511793,1.0,train
0.9999962731732165,1221,0.0004441383912650422,1.0,train
0.999205008097797,0,2.5542471000261413,0.0,train
0.1931001671441963,0,0.26882993823906753,0.0,train
0.9888318608883254,6,0.11793163638700109,1.0,train
0.9888318608883254,20,0.03258096477663902,1.0,train
0.9999962731732165,1,2.013298892770057,1.0,train
0.999205008097797,5,0.12266395183909719,1.0,train
0.1931001671441963,0,0.28169390708348563,0.0,train
0.8481306753421819,0,0.20436989974892983,0.0,train
0.1931001671441963,1,0.22850628550894808,1.0,train
0.1931001671441963,0,1.9154204737986886,0.0,train
0.999205008097797,23,0.04370916339714333,1.0,train
0.9888318608883254,1,0.17196828817113566,1.0,train
0.1931001671441963,1,0.02554445973613986,1.0,train
0.1931001671441963,0,3.058561366357058,0.0,train
0.9888318608883254,26,0.03968029203996224,1.0,train
0.9999962731732165,0,4.632345647774418,0.0,train
0.1931001671441963,0,4.881003977069092,0.0,train
0.9888318608883254,12,0.26223296975659593,1.0,train
0.9888318608883254,0,1.7877164580957745,0.0,train
0.1931001671441963,0,0.8721988604344606,0.0,train
0.8481306753421819,2,0.0006953651922507662,1.0,train
0.8481306753421819,0,1.6287526630815548,0.0,train
0.9999962731732165,505,0.0037522449705574175,1.0,train
0.999205008097797,25,0.06155171538797816,1.0,train
0.8481306753421819,0,1.3753837434139184,0.0,train
0.9999962731732165,172,0.0011828192731335116,1.0,train
0.999205008097797,1,0.658939287414372,1.0,train
0.8481306753421819,1,0.17241024887597042,1.0,train
0.8481306753421819,0,4.712613608582405,0.0,train
0.9999962731732165,60,0.015105794732994603,1.0,train
0.8481306753421819,0,0.554958198481297,0.0,train
0.1931001671441963,0,0.7882685474383306,0.0,train
0.1931001671441963,1,0.3151067276513385,1.0,train
0.999205008097797,552,0.001014360358595296,1.0,train
0.1931001671441963,0,4.898108363392004,0.0,train
0.999205008097797,33,0.14617501924857929,1.0,train
0.8481306753421819,0,0.13590844632537746,0.0,train
0.9888318608883254,0,2.968306387157389,0.0,train
0.1931001671441963,0,5.333996264439656,0.0,train
0.9888318608883254,0,4.7624034337963845,0.0,train
0.1931001671441963,0,5.70712928932872,0.0,train
0.999205008097797,19,0.07103919381281427,1.0,train
0.8481306753421819,1,1.407585553272359,1.0,train
0.9888318608883254,16,0.10278096710174932,1.0,train
0.1931001671441963,0,1.0191297948686733,0.0,train
0.1931001671441963,0,3.1499726828228605,0.0,train
0.8481306753421819,0,4.540855693776233,0.0,train
0.9999962731732165,13,0.02554045008533045,1.0,train
0.1931001671441963,0,3.327942963236981,0.0,train
0.9888318608883254,5,0.01617110395187099,1.0,train
0.999205008097797,1,0.1855052214526466,1.0,train
0.1931001671441963,0,4.8094964214418505,0.0,train
0.1931001671441963,0,5.197873794492789,0.0,train
0.8481306753421819,0,3.6645900350763077,0.0,train
0.8481306753421819,3,0.49377666813448107,1.0,train
0.8481306753421819,3,0.06010791385622455,1.0,train
0.8481306753421819,0,3.85393851638271,0.0,train
0.8481306753421819,0,5.758514914547888,0.0,train
0.8481306753421819,2,1.5165182216945408,1.0,train
0.9888318608883254,22,0.060632539308135794,1.0,train
0.9888318608883254,77,0.002939834738868566,1.0,train
0.9999962731732165,20,0.009748065915594859,1.0,train
0.999205008097797,1107,0.010101835278826745,1.0,train
0.8481306753421819,0,2.6442089784643317,0.0,train
0.999205008097797,93,0.005186791894540212,1.0,train
0.1931001671441963,0,0.8945103004963306,0.0,train
0.9999962731732165,20,0.0754257750824378,1.0,train
0.1931001671441963,0,1.6926689461192472,0.0,train
0.9999962731732165,69,0.010637439392688372,1.0,train
0.9999962731732165,2628,5.3612961833681915e-05,1.0,train
0.9888318608883254,1,1.6123354926667612,1.0,train
0.1931001671441963,0,1.0863358487527692,0.0,train
0.9888318608883254,1,0.0526106433997416,1.0,train
0.9999962731732165,395,1.453377560884855e-05,1.0,train
0.999205008097797,7,0.05333069720789105,1.0,train
0.999205008097797,16,0.1467988629226113,1.0,train
0.9999962731732165,1,0.6891161882128195,1.0,train
0.9999962731732165,607,0.002136973110951585,1.0,train
0.9999962731732165,280,0.004299220473290896,1.0,train
0.8481306753421819,2,0.22108822212705667,1.0,train
0.1931001671441963,0,2.9513711542693466,0.0,train
0.9888318608883254,0,2.2989395213391983,0.0,train
0.999205008097797,9,0.13739045829582114,1.0,train
0.999205008097797,19,0.12407030859404465,1.0,train
0.9999962731732165,395,0.005317003399008568,1.0,train
0.999205008097797,0,0.3695956131199387,0.0,train
0.9999962731732165,167,0.0026062154898610483,1.0,train
0.999205008097797,1,1.6646855657084798,0.0,train
0.1931001671441963,0,4.295751304918305,0.0,train
0.9999962731732165,0,3.814063144313226,0.0,train
0.1931001671441963,0,1.1393869477694913,0.0,train
0.9888318608883254,1,3.2533743290588433,1.0,train
0.8481306753421819,1,1.7996734860675607,0.0,train
0.999205008097797,0,5.518215152908829,0.0,train
0.9888318608883254,24,0.08780234341452017,1.0,train
0.8481306753421819,4,0.11421999753591872,1.0,train
0.8481306753421819,3,0.08236899861013101,1.0,train
0.8481306753421819,0,2.75222766086218,0.0,train
0.1931001671441963,0,2.6786952479385877,0.0,train
0.1931001671441963,0,4.949702230080803,0.0,train
0.999205008097797,14,0.0896289334321075,1.0,train
0.8481306753421819,3,0.21889967487120887,1.0,train
0.999205008097797,4,0.11585833988448165,1.0,train
0.8481306753421819,11,0.060165569419771345,1.0,train
0.8481306753421819,0,1.4854618823914274,0.0,train
0.999205008097797,9,0.47124941768415723,1.0,train
0.8481306753421819,0,3.490282368863925,0.0,train
0.999205008097797,0,3.369441106053726,0.0,train
0.999205008097797,2,0.2537745507309058,1.0,train
0.999205008097797,301,0.005044900754734018,1.0,train
0.1931001671441963,0,2.575656617407846,0.0,train
0.1931001671441963,0,1.4182331688675622,0.0,train
0.9888318608883254,15,0.036389257857488165,1.0,train
0.9999962731732165,0,5.412920623514858,0.0,train
0.9999962731732165,7,0.01583375409561965,1.0,train
0.999205008097797,0,4.441618886924158,0.0,train
0.9888318608883254,110,0.017051782988085542,1.0,train
0.999205008097797,600,8.809798003468332e-05,1.0,train
0.1931001671441963,0,0.8540837739162146,0.0,train
0.8481306753421819,1,0.23179902825236937,1.0,train
0.999205008097797,31,0.015360985806408057,1.0,train
0.8481306753421819,3,0.2638016546942127,1.0,train
0.9888318608883254,0,1.9684987638318432,0.0,train
0.8481306753421819,0,4.116034011705049,0.0,train
0.1931001671441963,0,4.59117177435511,0.0,train
0.9999962731732165,59,0.0025085894104740153,1.0,train
0.9999962731732165,0,5.485464234186192,0.0,train
0.1931001671441963,0,5.374552527076671,0.0,train
0.8481306753421819,3,0.3516075387497297,1.0,train
0.1931001671441963,0,0.7711815056511493,0.0,train
0.9999962731732165,95,0.0008588845533885127,1.0,train
0.9999962731732165,0,0.7354603256657957,0.0,train
0.999205008097797,21,0.026646600012309427,1.0,train
0.8481306753421819,0,5.323295234835392,0.0,train
0.8481306753421819,9,0.253534242678034,1.0,train
0.999205008097797,0,0.10038563289960956,0.0,train
0.999205008097797,29,0.03417539724527802,1.0,train
0.9999962731732165,1,0.16550921606742042,1.0,train
0.9999962731732165,56,0.008093138855551534,1.0,train
0.999205008097797,100,0.0007089320691837063,1.0,train
0.9999962731732165,1,1.652246189370007,1.0,train
0.1931001671441963,0,1.3861606849187214,0.0,train
0.9999962731732165,60,0.0067782656099832075,1.0,train
0.999205008097797,74,0.01089459477316738,1.0,train
0.9999962731732165,3,0.12392576490862121,1.0,train
0.1931001671441963,0,4.894151051303847,0.0,train
0.8481306753421819,3,0.18743241906021618,1.0,train
0.9888318608883254,4,0.11660850851425994,1.0,train
0.8481306753421819,4,0.07347107285580969,1.0,train
0.999205008097797,213,0.003491274529864062,1.0,train
0.8481306753421819,1,0.46167396966393515,0.0,train
0.8481306753421819,3,0.46128529293460435,1.0,train
0.8481306753421819,0,4.513416902433776,0.0,train
0.8481306753421819,0,4.647939692369656,0.0,train
0.1931001671441963,1,0.837250999859151,1.0,train
0.999205008097797,353,0.0008729377238314564,1.0,train
0.1931001671441963,0,5.5669327989597015,0.0,train
0.1931001671441963,1,1.4676510364970499,1.0,train
0.1931001671441963,0,0.08723009829548434,0.0,train
0.999205008097797,0,3.663829044112847,0.0,train
0.9999962731732165,0,5.083642096175099,0.0,train
0.9888318608883254,3,0.4563721334682044,1.0,train
0.999205008097797,284,0.0044547554505804145,1.0,train
0.9888318608883254,0,1.787460834359852,0.0,train
0.9888318608883254,3,0.47751303080357754,0.0,train
0.8481306753421819,0,5.901140961241828,0.0,train
0.8481306753421819,3,0.3165481303261174,1.0,train
0.9999962731732165,1,0.6950591436109694,1.0,train
0.9999962731732165,0,1.3855622958163654,0.0,train
0.9888318608883254,1,0.1279809757307107,1.0,train
0.1931001671441963,0,5.466134389842468,0.0,train
0.9999962731732165,5717,0.00019318651500431768,1.0,train
0.999205008097797,68,0.017600483235609053,1.0,train
0.999205008097797,2,1.6893271545101551,1.0,train
0.9999962731732165,1674,0.0001537901191800923,1.0,train
0.9888318608883254,3,0.006356098801612046,1.0,train
0.8481306753421819,1,0.8988110725155554,1.0,train
0.9999962731732165,4,0.38089440581802414,1.0,train
0.9888318608883254,11,0.06886752442815078,1.0,train
0.999205008097797,182,0.0006652936255865982,1.0,train
0.9888318608883254,4,0.28822016003591877,1.0,train
0.8481306753421819,0,2.298151093605002,0.0,train
0.8481306753421819,0,5.003873580097477,0.0,train
0.1931001671441963,1,0.8786504986136352,0.0,train
0.8481306753421819,0,1.0176951676699824,0.0,train
0.9888318608883254,0,1.6196741542168085,0.0,train
0.9999962731732165,79,0.011254293522593418,1.0,train
0.8481306753421819,0,4.8474826567752745,0.0,train
0.9888318608883254,10,0.6046433674798541,1.0,train
0.9999962731732165,2735,0.00023180207999079418,1.0,train
0.9999962731732165,0,1.6493436907849695,0.0,train
0.1931001671441963,1,0.1748205383380714,1.0,train
0.9888318608883254,0,1.2196213418627306,0.0,train
0.999205008097797,34,0.000546909755489241,1.0,train
0.8481306753421819,0,5.386780736357423,0.0,train
0.1931001671441963,0,2.079258017717284,0.0,train
0.1931001671441963,0,4.4491218257203595,0.0,train
0.8481306753421819,7,0.14855883530795239,1.0,train
0.1931001671441963,0,0.2565577227862452,0.0,train
0.1931001671441963,0,4.793150512096942,0.0,train
0.8481306753421819,0,1.9012753625971286,0.0,train
0.999205008097797,7,0.02234365915863698,1.0,train
0.999205008097797,19,0.06122975930476474,1.0,train
0.999205008097797,37,0.043250485450193804,1.0,train
0.9888318608883254,38,0.019830577265717905,1.0,train
0.8481306753421819,0,2.8390777633333384,0.0,train
0.999205008097797,51,0.007448432784588646,1.0,train
0.9888318608883254,14,0.04601799291881663,1.0,train
0.9999962731732165,608,0.004563844544758068,1.0,train
0.9888318608883254,0,3.957611329239759,0.0,train
0.999205008097797,4,0.03289826428020475,1.0,train
0.1931001671441963,0,5.208228736737573,0.0,train
0.8481306753421819,0,0.6474683047174747,0.0,train
0.999205008097797,42,0.039875726409362565,1.0,train
0.999205008097797,254,0.0009817040483563514,1.0,train
0.9999962731732165,1668,2.451605068373422e-05,1.0,train
0.1931001671441963,0,4.065355027539713,0.0,train
0.999205008097797,68,0.010782138695067563,1.0,train
0.9888318608883254,2,0.31143698228004196,1.0,train
0.8481306753421819,0,4.459057521472093,0.0,train
0.9888318608883254,0,5.65361675910814,0.0,train
0.8481306753421819,0,5.911020883353432,0.0,train
0.8481306753421819,0,3.8771337551130483,0.0,train
0.9999962731732165,1627,0.00018746012257439527,1.0,train
0.8481306753421819,0,2.0104421616393466,0.0,train
0.1931001671441963,0,4.6983161969662275,0.0,train
0.999205008097797,137,0.001300629514068528,1.0,train
0.9888318608883254,204,0.003233306321418385,1.0,train
0.9999962731732165,75,0.004394034933030097,1.0,train
0.999205008097797,13,0.01374674027135093,1.0,train
0.1931001671441963,0,3.1102235397892093,0.0,train
0.1931001671441963,0,2.9506953405054426,0.0,train
0.8481306753421819,1,0.5633486339608242,1.0,train
0.9999962731732165,72,0.00013595001264117052,1.0,train
0.999205008097797,0,1.2510611372444638,0.0,train
0.1931001671441963,0,2.909490388696174,0.0,train
0.8481306753421819,0,5.171859934914382,0.0,train
0.8481306753421819,0,2.3974346908888573,0.0,train
0.8481306753421819,0,1.0533894850731447,0.0,train
0.8481306753421819,0,5.186362478947461,0.0,train
0.999205008097797,14,0.029211159471881177,1.0,train
0.999205008097797,12,0.007427704751921892,1.0,train
0.9999962731732165,572,0.0013455158788042085,1.0,train
0.9999962731732165,244,0.0017980276904169426,1.0,train
0.9999962731732165,226,0.0012052294134460913,1.0,train
0.8481306753421819,7,0.27806278638228826,1.0,train
0.9999962731732165,5744,0.0001482293855347247,1.0,train
0.1931001671441963,0,5.89234098576428,0.0,train
0.9999962731732165,436,0.0034569529155025936,1.0,train
0.9999962731732165,3220,0.00020327075650807629,1.0,train
0.1931001671441963,0,2.4147909834836305,0.0,train
0.9999962731732165,595,0.00022391052154153995,1.0,train
0.1931001671441963,0,2.691155650261318,0.0,train
0.9999962731732165,1,0.524513553139341,0.0,train
0.8481306753421819,0,0.945073123540408,0.0,train
0.8481306753421819,0,0.9927524156064045,0.0,train
0.999205008097797,4,0.17921857329122157,1.0,train
0.9999962731732165,759,0.00014275796174332149,1.0,train
0.9888318608883254,0,5.138657328024491,0.0,train
0.999205008097797,78,0.013121382915203428,1.0,train
0.8481306753421819,0,1.0698229758368338,0.0,train
0.1931001671441963,0,3.081866461386535,0.0,train
0.9999962731732165,1696,0.0008799226893481194,1.0,train
0.999205008097797,2,0.013504468362960586,1.0,train
0.999205008097797,3,1.0250644729108596,1.0,train
0.9999962731732165,8,0.00205931048649793,1.0,train
0.9999962731732165,333,0.00043917197992910577,1.0,train
0.9999962731732165,189,0.005431092971842198,1.0,train
0.1931001671441963,0,0.23470130601046524,0.0,train
0.9999962731732165,129,0.011295497168564584,1.0,train
0.9999962731732165,33,0.08773458459649501,1.0,train
0.9888318608883254,0,2.5439309616275487,0.0,train
0.9888318608883254,10,0.10034239836079482,1.0,train
0.999205008097797,0,1.576802393559317,0.0,train
0.8481306753421819,5,0.007443760695607757,1.0,train
0.999205008097797,83,0.006584169700805715,1.0,train
0.1931001671441963,0,3.6407237173979494,0.0,train
0.1931001671441963,0,4.350096533696868,0.0,train
0.9999962731732165,4,0.0041223988650551605,1.0,train
0.999205008097797,146,0.013607751733683471,1.0,train
0.9999962731732165,445,0.0015962093677178504,1.0,train
0.9888318608883254,1,0.22051560809847706,1.0,train
0.8481306753421819,6,0.04468239515989658,1.0,train
0.8481306753421819,3,0.2071663382316112,1.0,train
0.9999962731732165,433,0.001245810498608661,1.0,train
0.9888318608883254,0,5.309361926692806,0.0,train
0.1931001671441963,0,4.898275723922083,0.0,train
0.9888318608883254,17,0.07577986364952435,1.0,train
0.8481306753421819,2,0.49662582631151997,1.0,train
0.999205008097797,173,0.008882940279066807,1.0,train
0.1931001671441963,0,0.48318564530714037,0.0,train
0.9999962731732165,6346,0.00010237998839704679,1.0,train
0.8481306753421819,1,0.10197335688097386,1.0,train
0.8481306753421819,0,4.163483623701473,0.0,train
0.8481306753421819,0,4.8511960639990015,0.0,train
0.1931001671441963,0,3.0291965826085026,0.0,train
0.999205008097797,8,0.0224573319557581,1.0,train
0.8481306753421819,7,0.010902440566836456,1.0,train
0.999205008097797,78,0.00014857700476081246,1.0,train
0.9999962731732165,264,0.002372666608277044,1.0,train
0.8481306753421819,0,1.3071090927249542,0.0,train
0.999205008097797,0,5.7279704798961095,0.0,train
0.8481306753421819,0,2.1645637377839124,0.0,train
0.9888318608883254,2,0.5102185282108267,1.0,train
0.1931001671441963,0,0.20674296163833605,0.0,train
0.8481306753421819,0,4.562284714307991,0.0,train
0.8481306753421819,0,1.9840944125850932,0.0,train
0.9999962731732165,1,0.11687813429034541,1.0,train
0.9999962731732165,83,0.008947281642257988,1.0,train
0.9888318608883254,0,3.408941898551255,0.0,train
0.9888318608883254,0,1.4884197895339262,0.0,train
0.9999962731732165,10,0.05198201520418888,1.0,train
0.8481306753421819,0,1.2091298302362765,0.0,train
0.8481306753421819,1,0.11350898097276527,1.0,train
0.1931001671441963,0,4.545819721360449,0.0,train
0.999205008097797,21,0.007747192715646606,1.0,train
0.9888318608883254,26,0.01168277819676498,1.0,train
0.8481306753421819,4,0.05303568341350684,1.0,train
0.9999962731732165,9891,0.00010229327948974009,1.0,train
0.8481306753421819,3,0.0541558981698923,1.0,train
0.9999962731732165,7061,1.0251548584497352e-06,1.0,train
0.1931001671441963,0,0.8753333506320862,0.0,train
0.9999962731732165,257,0.005048446279014707,1.0,train
0.8481306753421819,1,0.28614593568683144,0.0,train
0.9999962731732165,2,0.16841236184992547,1.0,train
0.999205008097797,27,0.06744061974203355,1.0,train
0.9999962731732165,30,0.023461540409866935,1.0,train
0.1931001671441963,0,1.8187655448071234,0.0,train
0.9999962731732165,19,0.15521961078667226,1.0,train
0.9999962731732165,1,0.366962417000497,1.0,train
0.9888318608883254,0,3.4832512577089707,0.0,train
0.8481306753421819,1,0.48938861215073176,1.0,train
0.8481306753421819,0,3.8839150908600835,0.0,train
0.1931001671441963,0,0.8891631707331304,0.0,train
0.1931001671441963,0,3.04187236416775,0.0,train
0.8481306753421819,0,1.6772065399018266,0.0,train
0.1931001671441963,0,5.351359123514087,0.0,train
0.8481306753421819,0,5.75182272276391,0.0,train
0.8481306753421819,0,5.780005147987612,0.0,train
0.9999962731732165,8,0.021766915734820508,1.0,train
0.1931001671441963,0,4.696779629996873,0.0,train
0.9888318608883254,13,0.07035942529638191,1.0,train
0.999205008097797,564,0.0029932772576595273,1.0,train
0.1931001671441963,0,5.6332022097987835,0.0,train
0.8481306753421819,0,1.0446997100825755,0.0,train
0.9888318608883254,1,1.0305440975156792,1.0,train
0.999205008097797,0,0.3068204200508371,0.0,train
0.9999962731732165,11,0.016461831696205943,1.0,train
0.1931001671441963,0,3.82407318740749,0.0,train
0.1931001671441963,0,3.783387834223818,0.0,train
0.9888318608883254,2,0.03557834505713298,1.0,train
0.9888318608883254,138,0.002408838160251039,1.0,train
0.9999962731732165,52,0.0473868361495054,1.0,train
0.8481306753421819,0,3.0154858136195553,0.0,train
0.8481306753421819,4,0.37326590325055853,1.0,train
0.9999962731732165,3295,4.886818046266379e-05,1.0,train
0.999205008097797,33,0.009490842150538413,1.0,train
0.9888318608883254,65,0.004460420191645756,1.0,train
0.8481306753421819,2,0.27413022916928215,1.0,train
0.9999962731732165,67,0.0019995281906910662,1.0,train
0.9999962731732165,4824,0.0003507641482347325,1.0,train
0.999205008097797,78,0.012273880258931126,1.0,train
0.1931001671441963,0,3.451973196290566,0.0,train
0.9888318608883254,1,1.7830058532310313,1.0,train
0.999205008097797,364,0.004342811185841666,1.0,train
0.999205008097797,11,0.024694109139151384,1.0,train
0.9999962731732165,32,0.0024316523635394024,1.0,train
0.8481306753421819,1,2.9495757352152214,0.0,train
0.9999962731732165,2212,0.00038551106854171766,1.0,train
0.999205008097797,1856,0.0009633514389604026,1.0,train
0.1931001671441963,0,3.423000510765811,0.0,train
0.1931001671441963,0,0.4614155188317568,0.0,train
0.9999962731732165,2,1.230625154066061,1.0,train
0.999205008097797,24,0.005518644959567617,1.0,train
0.9888318608883254,3,0.6763324131815761,1.0,train
0.9999962731732165,0,3.1316363899727815,0.0,train
0.1931001671441963,4,0.6282281084193938,1.0,train
0.1931001671441963,0,0.8821388450777985,0.0,train
0.1931001671441963,0,1.9781276030122086,0.0,train
0.999205008097797,22,0.04114841189064003,1.0,train
0.999205008097797,0,0.8256622890546086,0.0,train
0.1931001671441963,0,1.4477208667214339,0.0,train
0.9999962731732165,3090,0.0006902256570886371,1.0,train
0.999205008097797,142,0.005247016076232932,1.0,train
0.9888318608883254,3,0.10963313002191044,1.0,train
0.8481306753421819,8,0.022094163059704554,1.0,train
0.1931001671441963,0,3.410651023350061,0.0,train
0.999205008097797,1466,8.292273240125828e-05,1.0,train
0.1931001671441963,0,5.111608886529772,0.0,train
0.999205008097797,55,0.004933107941100534,1.0,train
0.9999962731732165,3946,0.00010011807302637854,1.0,train
0.9888318608883254,0,2.9604384764976572,0.0,train
0.8481306753421819,0,0.759463814099806,0.0,train
0.8481306753421819,2,0.04230482698203691,1.0,train
0.999205008097797,361,0.00024266572915365603,1.0,train
0.8481306753421819,2,1.855169275668606,1.0,train
0.999205008097797,0,0.6842336815730978,0.0,train
0.1931001671441963,0,0.0769361504828121,0.0,train
0.8481306753421819,6,0.1329003433355215,1.0,train
0.999205008097797,9,0.0015520109534699535,1.0,train
0.8481306753421819,0,5.450332551651158,0.0,train
0.1931001671441963,0,0.18170264149500004,0.0,train
0.999205008097797,0,2.9428182326347523,0.0,train
0.999205008097797,3,0.2034494670794175,1.0,train
0.1931001671441963,1,1.5347349995918955,1.0,train
0.9888318608883254,7,0.011454251647015936,1.0,train
0.9888318608883254,0,5.2750383248639965,0.0,train
0.9888318608883254,1,1.797979865485017,1.0,train
0.9999962731732165,148,0.0016702262901331269,1.0,train
0.9999962731732165,232,0.00034899912025787105,1.0,train
0.1931001671441963,0,3.121426736663997,0.0,train
0.9888318608883254,0,1.7884102155204111,0.0,train
0.1931001671441963,0,5.639549643448203,0.0,train
0.999205008097797,86,0.0023904169022781244,1.0,train
0.9999962731732165,5,0.18490272841033045,1.0,train
0.1931001671441963,0,1.7557961229702472,0.0,train
0.1931001671441963,0,5.652667633239416,0.0,train
0.9888318608883254,9,0.1310999862270862,1.0,train
0.9888318608883254,39,0.025242517798442117,1.0,train
0.8481306753421819,0,2.8573800016997204,0.0,train
0.1931001671441963,0,2.2716609666238385,0.0,train
0.9999962731732165,3769,0.00047113748464807964,1.0,train
0.1931001671441963,0,1.7918055815212603,0.0,train
0.1931001671441963,0,4.548177687080281,0.0,train
0.9999962731732165,0,1.4739570829102875,0.0,train
0.8481306753421819,5,0.04542175299058964,1.0,train
0.999205008097797,1,0.04556631220631979,1.0,train
0.999205008097797,1,0.012106644225080548,1.0,train
0.9888318608883254,48,0.005149747155349645,1.0,train
0.8481306753421819,0,0.5201291800154113,0.0,train
0.999205008097797,17,0.1429355498992765,1.0,train
0.9999962731732165,1953,6.892695316128561e-05,1.0,train
0.8481306753421819,0,3.318078688203746,0.0,train
0.9999962731732165,155,0.011801903814328723,1.0,train
0.1931001671441963,0,3.8104797038253375,0.0,train
0.999205008097797,186,0.003492151119302743,1.0,train
0.9999962731732165,13,0.056436094875966354,1.0,train
0.8481306753421819,0,2.5474529236815124,0.0,train
0.9999962731732165,1171,4.946876429146171e-05,1.0,train
0.1931001671441963,0,3.191672533883842,0.0,train
0.9999962731732165,3,0.34709685558301323,1.0,train
0.9999962731732165,0,1.5411876266427307,0.0,train
0.1931001671441963,0,3.409910683252808,0.0,train
0.9999962731732165,3775,0.00027962537279337585,1.0,train
0.999205008097797,655,0.0005640793415575721,1.0,train
0.1931001671441963,1,0.7342503506058864,1.0,train
0.999205008097797,33,0.0240561044113124,1.0,train
0.999205008097797,205,0.009081985348484773,1.0,train
0.1931001671441963,0,2.0752288330585786,0.0,train
0.9888318608883254,6,0.07529583092141509,1.0,train
0.9999962731732165,159,0.0007252775028165329,1.0,train
0.8481306753421819,7,0.2183322885035486,1.0,train
0.8481306753421819,3,0.40152450042642474,0.0,train
0.999205008097797,0,5.8411833141986005,0.0,train
0.1931001671441963,0,1.9139314096996836,0.0,train
0.9888318608883254,10,0.20602851377036713,1.0,train
0.9888318608883254,0,0.14308572346144222,0.0,train
0.9888318608883254,9,0.01751770196234142,1.0,train
0.9888318608883254,13,0.06270069092830695,1.0,train
0.9999962731732165,2,0.2324686698618892,1.0,train
0.1931001671441963,0,3.993127862748204,0.0,train
0.999205008097797,150,0.0006285686706639855,1.0,train
0.999205008097797,19,0.014743043990948368,1.0,train
0.9999962731732165,28,0.013629981423088714,1.0,train
0.9888318608883254,3,0.23188978487540296,1.0,train
0.9999962731732165,134,0.000989088196755449,1.0,train
0.8481306753421819,0,4.550255016912946,0.0,train
0.999205008097797,0,1.9047349138515353,0.0,train
0.9888318608883254,0,3.4462763407621715,0.0,train
0.9999962731732165,760,0.0008030135557814842,1.0,train
0.8481306753421819,0,5.541663434857662,0.0,train
0.9888318608883254,1,0.42184190879799494,1.0,train
0.1931001671441963,0,1.6862732095358297,0.0,train
0.1931001671441963,0,4.791115790843964,0.0,train
0.9999962731732165,1615,0.0016483431548633275,1.0,train
0.9999962731732165,1731,0.0004035271718692464,1.0,train
0.8481306753421819,0,5.915233465592777,0.0,train
0.9999962731732165,3,0.07076374442294575,1.0,train
0.1931001671441963,0,0.9946110544230007,0.0,train
0.8481306753421819,0,4.6560497490412835,0.0,train
0.9999962731732165,423,3.887562902275689e-05,1.0,train
0.1931001671441963,0,2.9750348031983744,0.0,train
0.9999962731732165,16,0.022875369399122606,1.0,train
0.8481306753421819,2,1.259404754938622,0.0,train
0.8481306753421819,0,3.423329538004262,0.0,train
0.9999962731732165,1341,0.0012524810431832904,1.0,train
0.9999962731732165,2,0.32729767164033446,1.0,train
0.999205008097797,2,1.1834903394122422,1.0,train
0.9999962731732165,2,0.2669085335131228,1.0,train
0.999205008097797,15,0.10144065505191467,1.0,train
0.9999962731732165,13,0.014852021652732167,1.0,train
0.1931001671441963,0,2.8890727966126466,0.0,train
0.1931001671441963,0,0.21531614650681585,0.0,train
0.8481306753421819,3,0.7469514546877112,1.0,train
0.8481306753421819,0,5.323916359660112,0.0,train
0.1931001671441963,0,0.7668675292556741,0.0,train
0.8481306753421819,1,1.1120543906715503,1.0,train
0.1931001671441963,0,3.816151758914232,0.0,train
0.999205008097797,34,0.007007018791043157,1.0,train
0.1931001671441963,0,2.9706368529018654,0.0,train
0.9888318608883254,5,0.08821784601195165,1.0,train
0.9999962731732165,7,0.34279200870457455,1.0,train
0.999205008097797,9,0.16222752254059847,1.0,train
0.9888318608883254,4,0.13077479255370103,1.0,train
0.9999962731732165,155,0.006498388003764614,1.0,train
0.999205008097797,2,0.4212884994515833,0.0,train
0.1931001671441963,0,0.25690423872555623,0.0,train
0.1931001671441963,0,0.0782858654551728,0.0,train
0.1931001671441963,0,5.077111957159451,0.0,train
0.9888318608883254,7,0.01742441621733079,1.0,train
0.8481306753421819,5,0.10646001392631314,1.0,train
0.9999962731732165,37,0.0030656025955441975,1.0,train
0.9888318608883254,1,1.1566373029703763,1.0,train
0.1931001671441963,0,5.420622725863993,0.0,train
0.1931001671441963,0,0.09320775134699799,0.0,train
0.999205008097797,10,0.09940829814003842,1.0,train
0.9888318608883254,0,3.1967381301098086,0.0,train
0.999205008097797,0,1.0356097099996668,0.0,train
0.9999962731732165,178,0.01128201562558534,1.0,train
0.1931001671441963,0,1.070276871785633,0.0,train
0.8481306753421819,4,0.032345174878221285,1.0,train
0.999205008097797,13,0.005424755025815251,1.0,train
0.999205008097797,36,0.057642949861652054,1.0,train
0.999205008097797,1,0.13542501154952058,0.0,train
0.999205008097797,371,0.002544925308554119,1.0,train
0.9888318608883254,18,0.024499252883347634,1.0,train
0.9999962731732165,7529,4.376665773750833e-05,1.0,train
0.1931001671441963,0,4.827759556052893,0.0,train
0.999205008097797,695,0.0002656327477162829,1.0,train
0.1931001671441963,0,0.015186882499846233,0.0,train
0.999205008097797,7,0.2624943803682323,1.0,train
0.999205008097797,41,0.027924337793061846,1.0,train
0.1931001671441963,1,0.9946258297095238,1.0,train
0.9999962731732165,230,0.0011061015109654795,1.0,train
0.1931001671441963,0,2.3847682560978667,0.0,train
0.9999962731732165,98,0.00025366156131392207,1.0,train
0.999205008097797,236,0.0038854423212098584,1.0,train
0.999205008097797,5,0.1329478896250139,1.0,train
0.8481306753421819,5,0.1635794675290579,1.0,train
0.999205008097797,39,0.04440519635289473,1.0,train
0.9999962731732165,1071,0.0010901584769111826,1.0,train
0.999205008097797,1,0.17364075225470899,0.0,train
0.999205008097797,38,0.06860935253433023,1.0,train
0.9888318608883254,5,0.011522316095640802,1.0,train
0.9888318608883254,32,0.0012453311888015552,1.0,train
0.1931001671441963,0,1.40470124642133,0.0,train
0.8481306753421819,6,0.02601159133655592,1.0,train
0.9888318608883254,2,0.029028560253043872,1.0,train
0.999205008097797,41,0.0027168786587263537,1.0,train
0.9888318608883254,2,0.059400340926780607,1.0,train
0.1931001671441963,1,0.5564110115305458,1.0,train
0.8481306753421819,10,0.06351056490923296,1.0,train
0.1931001671441963,0,5.365037491832034,0.0,train
0.9999962731732165,0,3.6126436642731576,0.0,train
0.999205008097797,10,0.4207778127179301,1.0,train
0.9888318608883254,190,0.00023286584950880227,1.0,train
0.9888318608883254,0,4.058839248235254,0.0,train
0.9888318608883254,1,0.2025661439913256,1.0,train
0.8481306753421819,1,0.6347623420545254,1.0,train
0.1931001671441963,0,5.445756275404718,0.0,train
0.1931001671441963,0,3.846258919578924,0.0,train
0.8481306753421819,0,5.9853948731734095,0.0,train
0.8481306753421819,2,0.033832108701337266,1.0,train
0.999205008097797,3,0.25347325851074426,1.0,train
0.8481306753421819,7,0.022537088914688294,1.0,train
0.999205008097797,15,0.030663309980544482,1.0,train
0.9888318608883254,3,0.04679062021002611,0.0,train
0.8481306753421819,0,0.24628511667748842,0.0,train
0.999205008097797,113,0.00039403727402904297,1.0,train
0.9888318608883254,4,0.31737904433398273,1.0,train
0.1931001671441963,0,5.645216766409034,0.0,train
0.9999962731732165,4,0.6120915458119794,1.0,train
0.999205008097797,171,0.003945999456300088,1.0,train
0.9888318608883254,6,0.23937546858806114,0.0,train
0.1931001671441963,0,5.967692688196024,0.0,train
0.9999962731732165,1,0.3704838604242686,0.0,train
0.9999962731732165,68,0.008575837718538464,1.0,train
0.1931001671441963,0,4.729609580024564,0.0,train
0.8481306753421819,0,0.8144834436573547,0.0,train
0.999205008097797,0,3.943912497864593,0.0,train
0.9888318608883254,3,0.2710104484431955,1.0,train
0.8481306753421819,2,0.06090994553420515,1.0,train
0.9888318608883254,15,0.0960322894823119,1.0,train
0.9999962731732165,365,0.0027563397570298832,1.0,train
0.8481306753421819,2,0.49469823859753265,1.0,train
0.8481306753421819,0,1.9045069189302568,0.0,train
0.1931001671441963,0,2.8591727970167513,0.0,train
0.1931001671441963,0,5.771859302737669,0.0,train
0.9888318608883254,0,0.9770607213869749,0.0,train
0.9999962731732165,122,0.024159661072146076,1.0,train
0.1931001671441963,0,0.9527266280338216,0.0,train
0.999205008097797,439,2.8420618780405294e-05,1.0,train
0.1931001671441963,0,3.3727598092789024,0.0,train
0.9888318608883254,23,0.07779076913544744,1.0,train
0.8481306753421819,0,5.287192398799313,0.0,train
0.1931001671441963,0,3.362049997474029,0.0,train
0.8481306753421819,1,0.8035483705066016,0.0,train
0.9888318608883254,1,2.292359472704588,1.0,train
0.999205008097797,0,4.507904903031319,0.0,train
0.999205008097797,10,0.02070946734137386,1.0,train
0.1931001671441963,0,3.3661469306328122,0.0,train
0.9888318608883254,0,4.391502453887114,0.0,train
0.9999962731732165,1180,0.00035241644090431857,1.0,train
0.8481306753421819,4,0.3979901014511808,1.0,train
0.9999962731732165,7530,0.00042962504768017014,1.0,train
0.9999962731732165,238,0.002754444145484663,1.0,train
0.9999962731732165,1504,0.0001007879807627027,1.0,train
0.9888318608883254,11,0.028296541985913887,1.0,train
0.1931001671441963,1,0.6129041140346048,1.0,train
0.9888318608883254,7,0.06381616736764274,1.0,train
0.999205008097797,176,0.007634840217171211,1.0,train
0.8481306753421819,0,3.5002161997246777,0.0,train
0.999205008097797,1,1.1256971476435012,1.0,train
0.9999962731732165,0,5.741725501197418,0.0,train
0.9888318608883254,30,0.06894827999886301,1.0,train
0.8481306753421819,1,0.42913706620700326,1.0,train
0.1931001671441963,0,2.2394168291078764,0.0,train
0.1931001671441963,0,3.873280639052685,0.0,train
0.9999962731732165,0,2.8537722200418365,0.0,train
0.9888318608883254,4,0.5597248404154124,1.0,train
0.9888318608883254,30,0.000801557016858078,1.0,train
0.999205008097797,232,0.0030060677208463694,1.0,train
0.8481306753421819,0,1.271247589054986,0.0,train
0.999205008097797,13,0.007089741848977452,1.0,train
0.8481306753421819,0,2.4947936690008996,0.0,train
0.8481306753421819,0,1.677129268663614,0.0,train
0.1931001671441963,1,0.3229408242491327,1.0,train
0.9999962731732165,0,0.008602812648774938,0.0,train
0.9888318608883254,37,0.02525303833238397,1.0,train
0.1931001671441963,0,2.7237469449608342,0.0,train
0.9999962731732165,279,0.03313704262641246,1.0,train
0.9999962731732165,1,0.3114577858362717,0.0,train
0.999205008097797,58,0.010159639405074394,1.0,train
0.9888318608883254,0,3.6676607970261967,0.0,train
0.9888318608883254,1,0.059681542440529506,1.0,train
0.8481306753421819,1,0.40949586831510376,1.0,train
0.9888318608883254,9,0.0390051111947974,1.0,train
0.999205008097797,54,0.04179909735968086,1.0,train
0.8481306753421819,1,0.5460988445872303,1.0,train
0.9999962731732165,0,5.828476633670694,0.0,train
0.9888318608883254,19,0.04413213045167514,1.0,train
0.8481306753421819,0,2.349837964891444,0.0,train
0.9999962731732165,3318,5.614903199357153e-05,1.0,train
0.8481306753421819,14,0.1511814296921498,1.0,train
0.999205008097797,10,0.05058051706132988,1.0,train
0.9888318608883254,0,2.160941666686398,0.0,train
0.999205008097797,379,0.004777768886851679,1.0,train
0.1931001671441963,0,5.8838482343295615,0.0,train
0.9999962731732165,15,0.17208034957671972,1.0,train
0.9999962731732165,1094,0.0009615263001765961,1.0,train
0.9888318608883254,123,0.005049449191502889,1.0,train
0.1931001671441963,0,2.9445258399912424,0.0,train
0.8481306753421819,0,3.8318064589126593,0.0,train
0.8481306753421819,1,0.1363816831337265,1.0,train
0.999205008097797,24,0.015265654388222548,1.0,train
0.9999962731732165,0,5.25969252767008,0.0,train
0.9999962731732165,481,0.0001107203128679406,1.0,train
0.1931001671441963,0,5.22941919123297,0.0,train
0.999205008097797,37,0.008209969769059342,1.0,train
0.9999962731732165,888,0.0005529830643266512,1.0,train
0.999205008097797,4,0.007427500530497212,1.0,train
0.8481306753421819,0,4.712431973862896,0.0,train
0.9999962731732165,56,0.018013892289409267,1.0,train
0.9999962731732165,1950,0.0016828738034884688,1.0,train
0.8481306753421819,2,0.4961904742631051,1.0,train
0.9888318608883254,168,0.0006472768432592824,1.0,train
0.9888318608883254,15,0.11548934320771573,1.0,train
0.1931001671441963,1,1.004013055951115,1.0,train
0.1931001671441963,0,1.1179400266312096,0.0,train
0.9999962731732165,3,0.011016930463013488,1.0,train
0.9999962731732165,112,0.002170067649798177,1.0,train
0.9999962731732165,4,0.12976236234053584,1.0,train
0.8481306753421819,0,1.5085338926686367,0.0,train
0.1931001671441963,0,4.318710636304207,0.0,train
0.9888318608883254,22,0.02783659692902232,1.0,train
0.9888318608883254,2,0.4513307315535958,1.0,train
0.999205008097797,1,2.370101116962692,1.0,train
0.999205008097797,437,0.0041915264772536594,1.0,train
0.999205008097797,99,0.011564193526318664,1.0,train
0.9999962731732165,30,0.0052647117902807775,1.0,train
0.9888318608883254,4,0.033335504152365115,1.0,train
0.1931001671441963,1,0.9175684201732188,1.0,train
0.9999962731732165,0,4.237540418151783,0.0,train
0.8481306753421819,6,0.3325356796621356,1.0,train
0.9888318608883254,36,0.02886607613663858,1.0,train
0.999205008097797,48,0.0052197367108897975,1.0,train
0.1931001671441963,0,0.23376665220995418,0.0,train
0.8481306753421819,1,0.13930712881674873,1.0,train
0.999205008097797,356,0.009413464513593055,1.0,train
0.9999962731732165,62,0.016932931158019034,1.0,train
0.1931001671441963,0,1.432096815344618,0.0,train
0.9999962731732165,7374,0.0007796857791397734,1.0,train
0.9999962731732165,2918,0.0008910892104388203,1.0,train
0.1931001671441963,0,3.244428733558654,0.0,train
0.8481306753421819,0,2.047227474702682,0.0,train
0.8481306753421819,0,0.13426736822978858,0.0,train
0.9999962731732165,63,0.030229393964343793,1.0,train
0.999205008097797,12,0.040947185398909056,1.0,train
0.999205008097797,1,0.7226248053932169,1.0,train
0.9999962731732165,9019,0.00021041934893913891,1.0,train
0.9888318608883254,6,0.2890939074924369,1.0,train
0.9888318608883254,1,0.08665129379816272,0.0,train
0.9999962731732165,2,0.0771412334272891,1.0,train
0.8481306753421819,2,0.3116554907428174,1.0,train
0.8481306753421819,0,2.0765546013685725,0.0,train
0.999205008097797,2,0.5141682700023243,1.0,train
0.8481306753421819,0,3.2904912362629606,0.0,train
0.9999962731732165,42,0.0353924382455408,1.0,train
0.1931001671441963,0,4.182590952448945,0.0,train
0.999205008097797,6,0.16330693059252813,1.0,train
0.9999962731732165,54,0.017020717738149328,1.0,train
0.1931001671441963,0,0.7606259387885892,0.0,train
0.999205008097797,59,0.006519826781532725,1.0,train
0.9999962731732165,2440,0.0003465067390239793,1.0,train
0.8481306753421819,1,2.5431782565091035,1.0,train
0.9999962731732165,3228,0.0003848142115632352,1.0,train
0.8481306753421819,0,1.2042849879472564,0.0,train
0.8481306753421819,2,0.3718709150441292,1.0,train
0.1931001671441963,0,1.1977892715054306,0.0,train
0.999205008097797,2,0.49241955083791367,1.0,train
0.999205008097797,82,0.008117277879933136,1.0,train
0.8481306753421819,0,0.529828226459456,0.0,train
0.8481306753421819,1,0.5011151443702901,1.0,train
0.8481306753421819,0,0.2395275525626177,0.0,train
0.9999962731732165,1,0.22065180223125377,1.0,train
0.9999962731732165,15,0.29261070242664494,1.0,train
0.1931001671441963,1,0.3598778084696257,0.0,train
0.1931001671441963,0,4.790887319029871,0.0,train
0.9999962731732165,310,0.002498871979795445,1.0,train
0.8481306753421819,1,0.8541074083270049,1.0,train
0.1931001671441963,1,0.5302192167437815,1.0,train
0.9888318608883254,2,0.01924945774313339,1.0,train
0.1931001671441963,0,2.6771758902027285,0.0,train
0.9999962731732165,9360,5.155212964992326e-05,1.0,train
0.9999962731732165,109,0.00020607541624473433,1.0,train
0.9999962731732165,2,0.06226195844664485,1.0,train
0.1931001671441963,0,0.5657905418806712,0.0,train
0.8481306753421819,4,0.2573186961336497,1.0,train
0.8481306753421819,0,2.563804379088368,0.0,train
0.8481306753421819,0,4.444134407324505,0.0,train
0.999205008097797,692,0.0004534982120067776,1.0,train
0.999205008097797,58,0.006323947932936993,1.0,train
0.9888318608883254,0,1.5980517058904498,0.0,train
0.9888318608883254,26,0.020420463649738527,1.0,train
0.8481306753421819,1,0.04943605450187058,1.0,train
0.8481306753421819,0,1.5423570285897958,0.0,train
0.999205008097797,22,0.05056194968940265,1.0,train
0.9999962731732165,245,0.0010934600431067151,1.0,train
0.1931001671441963,0,1.4526662690444978,0.0,train
0.9999962731732165,8029,1.3691741441054587e-05,1.0,train
0.9888318608883254,4,0.18648446738332644,1.0,train
0.1931001671441963,0,5.513355436542561,0.0,train
0.8481306753421819,7,0.12345528057628057,1.0,train
0.9888318608883254,9,0.041584788095731316,1.0,train
0.999205008097797,18,0.005849282427676754,1.0,train
0.8481306753421819,3,0.2465105417873732,1.0,train
0.9888318608883254,0,2.2266150202523303,0.0,train
0.9999962731732165,17,0.07783076199323591,1.0,train
0.8481306753421819,0,1.3112266071437997,0.0,train
0.9888318608883254,35,0.07692414431677178,1.0,train
0.1931001671441963,0,3.512839566143275,0.0,train
0.9999962731732165,132,0.005283981546558198,1.0,train
0.1931001671441963,0,5.431000306233289,0.0,train
0.9888318608883254,52,0.008983725481067873,1.0,train
0.1931001671441963,0,4.767268679158608,0.0,train
0.9888318608883254,7,0.1966836661620997,1.0,train
0.999205008097797,0,4.319597408201641,0.0,train
0.9999962731732165,0,4.458024892050128,0.0,train
0.9888318608883254,0,5.695853474765274,0.0,train
0.9999962731732165,258,0.003683495748413878,1.0,train
0.9999962731732165,193,0.00018454069843837462,1.0,train
0.9999962731732165,2369,0.00037369390440203566,1.0,train
0.9888318608883254,0,0.2275157292358847,0.0,train
0.8481306753421819,0,3.044816220106206,0.0,train
0.9999962731732165,20,0.001047225411672331,1.0,train
0.1931001671441963,0,5.383635339016817,0.0,train
0.9888318608883254,46,0.04517434412016555,1.0,train
0.1931001671441963,0,0.5026259997121598,0.0,train
0.8481306753421819,2,1.1929846991660384,1.0,train
0.9999962731732165,49,0.07256972267362059,1.0,train
0.8481306753421819,0,4.817303927912578,0.0,train
0.9999962731732165,595,0.003638034972764538,1.0,train
0.999205008097797,310,0.004018657186881175,1.0,train
0.999205008097797,1,0.6223292937558155,1.0,train
0.9999962731732165,39,0.008551207463443572,1.0,train
0.999205008097797,35,0.00013401549230712494,1.0,train
0.8481306753421819,0,5.27120158101814,0.0,train
0.8481306753421819,0,4.636905384301842,0.0,train
0.8481306753421819,0,1.7395798316014617,0.0,train
0.9888318608883254,6,0.5763528019738181,1.0,train
0.8481306753421819,10,0.046775189753596874,1.0,train
0.9999962731732165,1029,0.000673203692979924,1.0,train
0.999205008097797,15,0.07699813099817736,1.0,val
0.1931001671441963,0,0.3698586470312826,0.0,val
0.999205008097797,662,0.0003200458941929646,1.0,val
0.9888318608883254,0,0.7503233340402393,0.0,val
0.1931001671441963,0,1.1577084761606151,0.0,val
0.9888318608883254,2,0.03335157068194014,1.0,val
0.9999962731732165,66,0.005414891182293899,1.0,val
0.9999962731732165,18,0.1176231540260202,1.0,val
0.9999962731732165,4020,0.00010991379496076474,1.0,val
0.999205008097797,168,0.0003859017916873419,1.0,val
0.1931001671441963,0,3.2695400516418194,0.0,val
0.999205008097797,60,0.008670246289050306,1.0,val
0.9999962731732165,0,2.606821348559902,0.0,val
0.1931001671441963,0,4.7648041837960555,0.0,val
0.9999962731732165,3986,0.0004505755463674946,1.0,val
0.8481306753421819,0,3.497982306400866,0.0,val
0.1931001671441963,0,4.459141412837814,0.0,val
0.8481306753421819,0,2.937497229834624,0.0,val
0.999205008097797,0,1.9016338945978954,0.0,val
0.9888318608883254,1,1.0476238347492386,1.0,val
0.8481306753421819,1,0.6897390292414426,1.0,val
0.999205008097797,6,0.3759169354254244,1.0,val
0.999205008097797,1,0.7011892335463774,0.0,val
0.1931001671441963,0,5.003969877992868,0.0,val
0.9999962731732165,352,0.00013535694862651474,1.0,val
0.8481306753421819,1,1.6384736074631847,1.0,val
0.9888318608883254,0,3.014087733194385,0.0,val
0.1931001671441963,1,0.34900706300214707,1.0,val
0.9999962731732165,2006,0.00044349548177328193,1.0,val
0.8481306753421819,0,3.7774485294376845,0.0,val
0.9999962731732165,309,0.0008249699571078169,1.0,val
0.1931001671441963,0,1.7202609783903848,0.0,val
0.9888318608883254,21,0.016866358063880076,1.0,val
0.9888318608883254,17,0.04711216505175834,1.0,val
0.8481306753421819,1,0.5132099074637287,1.0,val
0.9999962731732165,180,0.0013092575263757274,1.0,val
0.1931001671441963,0,2.1168833177905473,0.0,val
0.8481306753421819,0,2.9704547857596992,0.0,val
0.9999962731732165,607,0.006040754286643417,1.0,val
0.9999962731732165,1,1.303125245754841,1.0,val
0.9999962731732165,226,0.00834684799140966,1.0,val
0.1931001671441963,0,3.9854179719610574,0.0,val
0.1931001671441963,0,0.8291679530221838,0.0,val
0.1931001671441963,0,5.918669020363778,0.0,val
0.1931001671441963,0,1.9320496943290595,0.0,val
0.1931001671441963,0,3.6174480296772504,0.0,val
0.9999962731732165,4,0.026384934125573023,1.0,val
0.1931001671441963,0,2.6589634776014393,0.0,val
0.1931001671441963,0,4.605991989453969,0.0,val
0.9999962731732165,0,3.499220295517099,0.0,val
0.9888318608883254,7,0.32412912642168096,1.0,val
0.1931001671441963,0,4.242704632607485,0.0,val
0.8481306753421819,2,0.07462138240536922,1.0,val
0.999205008097797,32,0.021343546786406948,1.0,val
0.9999962731732165,534,0.0006873985178032494,1.0,val
0.9888318608883254,45,0.007537878749280952,1.0,val
0.999205008097797,0,0.21480960291935802,0.0,val
0.999205008097797,18,0.04927955786488568,1.0,val
0.9999962731732165,1341,0.00020929308689939435,1.0,val
0.9999962731732165,395,0.0034355487664111057,1.0,val
0.9999962731732165,5,0.22739889387288578,1.0,val
0.8481306753421819,1,0.4816151922870932,1.0,val
0.1931001671441963,0,4.830330269567835,0.0,val
0.999205008097797,8,0.06880433485465853,1.0,val
0.1931001671441963,0,5.314254221551748,0.0,val
0.9999962731732165,0,2.483453102736906,0.0,val
0.8481306753421819,0,2.0036871336942124,0.0,val
0.9888318608883254,3,0.09939502582482877,1.0,val
0.999205008097797,1,1.0370509238440735,1.0,val
0.999205008097797,2,0.7031778087634347,1.0,val
0.8481306753421819,0,1.3679835529500046,0.0,val
0.9888318608883254,8,0.2842729246337285,1.0,val
0.9999962731732165,5,0.2713408553046015,1.0,val
0.9888318608883254,13,6.64203087234796e-05,1.0,val
0.999205008097797,552,2.2444006733207966e-05,1.0,val
0.8481306753421819,10,0.0726503642305566,1.0,val
0.9888318608883254,10,0.008951810273400961,1.0,val
0.8481306753421819,0,0.7457009512971788,0.0,val
0.1931001671441963,0,5.025955210756129,0.0,val
0.1931001671441963,0,4.0300838800160985,0.0,val
0.999205008097797,31,0.004953963606193533,1.0,val
0.9888318608883254,499,0.0014180669320356402,1.0,val
0.8481306753421819,9,0.026109552669513134,1.0,val
0.8481306753421819,0,0.8625851113286271,0.0,val
0.999205008097797,339,0.0023305585795331237,1.0,val
0.1931001671441963,0,4.947512690524221,0.0,val
0.1931001671441963,0,0.5613253660947155,0.0,val
0.8481306753421819,4,0.05552803705186797,1.0,val
0.999205008097797,0,5.911045772956933,0.0,val
0.999205008097797,10,0.039292159016419,1.0,val
0.9999962731732165,17,0.1250143803355379,1.0,val
0.1931001671441963,1,0.6659989276403028,1.0,val
0.9888318608883254,0,3.8232417750878875,0.0,val
0.8481306753421819,0,3.025969048524484,0.0,val
0.1931001671441963,2,0.2121705651064969,1.0,val
0.9999962731732165,63,0.007246750516229903,1.0,val
0.999205008097797,1,1.5974987479335672,1.0,val
0.1931001671441963,0,0.8877608068782468,0.0,val
0.8481306753421819,0,4.486277481242354,0.0,val
0.9999962731732165,256,0.0013404459303420254,1.0,val
0.8481306753421819,0,5.595223356620583,0.0,val
0.999205008097797,5,0.10351568728184682,1.0,val
0.1931001671441963,1,0.13960220873280854,1.0,val
0.9888318608883254,1,1.6468169234956191,1.0,val
0.1931001671441963,0,3.187621011011924,0.0,val
0.9888318608883254,1,0.23817250884079647,1.0,val
0.8481306753421819,4,1.0537089881989963,1.0,val
0.1931001671441963,0,5.101680895922555,0.0,val
0.9999962731732165,1,0.9054780574749542,1.0,val
0.9999962731732165,6,0.3090225094511849,1.0,val
0.9999962731732165,4150,0.00040685197604694575,1.0,val
0.8481306753421819,0,4.174103213088073,0.0,val
0.9888318608883254,1,2.124528447644714,0.0,val
0.9999962731732165,1,0.3116972931533575,1.0,val
0.9999962731732165,1,0.04840447957229576,1.0,val
0.9888318608883254,10,0.0027609417483355474,1.0,val
0.1931001671441963,0,4.006659191443843,0.0,val
0.9888318608883254,1,0.36051929293693785,1.0,val
0.1931001671441963,0,5.034561028891205,0.0,val
0.9999962731732165,2,0.24764811203038337,1.0,val
0.999205008097797,1,1.6002686721830677,0.0,val
0.9999962731732165,210,0.0033853228813560095,1.0,val
0.9888318608883254,0,3.60296870731138,0.0,val
0.999205008097797,42,0.11024313100914664,1.0,val
0.9999962731732165,96,0.005268421347655782,1.0,val
0.1931001671441963,1,1.6989095242588204,0.0,val
0.9888318608883254,0,0.8424965689711401,0.0,val
0.8481306753421819,2,0.40715898064717226,1.0,val
0.1931001671441963,0,1.459721509749017,0.0,val
0.9999962731732165,0,1.8136522741939862,0.0,val
0.8481306753421819,0,4.432996881553168,0.0,val
0.1931001671441963,0,3.9079351619182856,0.0,val
0.1931001671441963,0,2.58553687300547,0.0,val
0.8481306753421819,1,0.07715415405868724,1.0,val
0.9888318608883254,17,0.027273328004903407,1.0,val
0.9888318608883254,0,4.039615066566084,0.0,val
0.9888318608883254,2,0.07282075684342493,1.0,val
0.9888318608883254,0,5.897252556005868,0.0,val
0.9888318608883254,3,0.03528369368724842,1.0,val
0.9999962731732165,13,0.01363840698753839,1.0,val
0.8481306753421819,1,0.09455451869546172,0.0,val
0.9888318608883254,5,0.17645599340349719,1.0,val
0.9999962731732165,18,0.026416685283543007,1.0,val
0.999205008097797,3,0.006112746138435882,1.0,val
0.9888318608883254,0,5.592706853320319,0.0,val
0.1931001671441963,0,1.8198616548583582,0.0,val
0.8481306753421819,1,0.20035756670665072,1.0,val
0.9888318608883254,1,0.9451914316973943,1.0,val
0.8481306753421819,4,0.06947806466710942,1.0,val
0.8481306753421819,0,0.7340062136323364,0.0,val
0.999205008097797,7,0.22867322414739757,1.0,val
0.9888318608883254,1,0.027929676790038493,1.0,val
0.9999962731732165,518,0.0010353781857193906,1.0,val
0.8481306753421819,1,0.9004057441739952,1.0,val
0.999205008097797,1,0.046121196443686084,1.0,val
0.999205008097797,4,0.2924988785909186,1.0,val
0.9999962731732165,2488,0.0002985516773980183,1.0,val
0.9888318608883254,7,0.079222500735431,1.0,val
0.9999962731732165,19,5.19569758185846e-05,1.0,val
0.1931001671441963,0,3.2100911585679075,0.0,val
0.8481306753421819,13,0.14810218233497163,1.0,val
0.8481306753421819,0,3.849425747834829,0.0,val
0.999205008097797,12,0.07464424545947508,1.0,val
0.9999962731732165,2349,0.00031509361915456536,1.0,val
0.9888318608883254,16,0.11793223205073161,1.0,val
0.9888318608883254,1,0.011586766912331953,1.0,val
0.999205008097797,6,0.20518376386049836,1.0,val
0.999205008097797,0,4.894809889031327,0.0,val
0.999205008097797,68,0.005885693832165593,1.0,val
0.8481306753421819,10,0.05960316278143823,1.0,val
0.1931001671441963,0,1.5904219135861524,0.0,val
0.999205008097797,334,0.00032197635459393627,1.0,val
0.999205008097797,0,0.7240695538000117,0.0,val
0.1931001671441963,0,4.061811878698354,0.0,val
0.999205008097797,3,0.2851974920742461,1.0,val
0.8481306753421819,8,0.04968536533598493,1.0,val
0.9999962731732165,2434,0.00033181424612576245,1.0,val
0.8481306753421819,12,0.3030015243771393,1.0,val
0.9888318608883254,15,0.01504731402592722,1.0,val
0.1931001671441963,0,4.122080804324538,0.0,val
0.999205008097797,35,0.09558822112619372,1.0,val
0.999205008097797,0,1.3877657403082575,0.0,val
0.8481306753421819,1,0.7900167692996012,1.0,val
0.9888318608883254,2,0.487637577120196,1.0,val
0.1931001671441963,1,0.11958930144171673,1.0,val
0.9888318608883254,22,0.028073433438610004,1.0,val
0.9888318608883254,19,0.0057209696516760345,1.0,val
0.9888318608883254,15,0.14415850789796456,1.0,val
0.999205008097797,121,0.003639002607110838,1.0,val
0.8481306753421819,0,0.5550499646586247,0.0,val
0.9888318608883254,0,5.299316195005046,0.0,val
0.8481306753421819,3,0.2611153659109984,1.0,val
0.1931001671441963,0,4.36201227482421,0.0,val
0.9888318608883254,3,0.6718579897194776,1.0,val
0.9999962731732165,1297,3.334277900760685e-05,1.0,val
0.9999962731732165,209,0.00118183070106291,1.0,val
0.9888318608883254,1,2.2099271201400787,1.0,val
0.999205008097797,737,0.0025647704787120328,1.0,val
0.1931001671441963,0,3.3863348713541463,0.0,val
0.9888318608883254,111,0.006809333137199055,1.0,val
0.9888318608883254,22,0.07378367861221875,1.0,val
0.9999962731732165,3828,0.0002846936156654097,1.0,val
0.999205008097797,159,0.011863067087310379,1.0,val
0.999205008097797,10,0.2615555242754802,1.0,val
0.9888318608883254,6,0.2492186284581772,1.0,val
0.999205008097797,6,0.08348528622370137,1.0,val
0.9999962731732165,6,0.17914787687189865,1.0,val
0.9999962731732165,1,0.6019389848407899,1.0,val
0.999205008097797,22,0.02430510165209393,1.0,val
0.9999962731732165,3,0.23855464419636851,1.0,val
0.8481306753421819,0,2.140818363702561,0.0,val
0.9999962731732165,0,1.0903314197815097,0.0,val
0.1931001671441963,0,2.2541867071510446,0.0,val
0.1931001671441963,0,4.892327143619072,0.0,val
0.1931001671441963,0,3.2752405257643913,0.0,val
0.1931001671441963,0,3.2957100118848093,0.0,val
0.1931001671441963,1,2.0120990761661335,1.0,val
0.999205008097797,3,0.987225105836231,1.0,val
0.1931001671441963,0,2.353503066912375,0.0,val
0.1931001671441963,0,4.47199900687642,0.0,val
0.9888318608883254,16,0.07105641621272368,1.0,val
0.9999962731732165,102,0.00651538741333464,1.0,val
0.9999962731732165,0,4.535492477689877,0.0,val
0.9888318608883254,4,0.11493522134887656,1.0,val
0.1931001671441963,0,0.1977211370577996,0.0,val
0.8481306753421819,2,0.013645839418565068,1.0,val
0.9999962731732165,0,1.7739910124898737,0.0,val
0.999205008097797,82,0.010256485705181851,1.0,val
0.8481306753421819,0,4.529754491671115,0.0,val
0.1931001671441963,0,2.8312988126422676,0.0,val
0.1931001671441963,0,2.1009588528658485,0.0,val
0.1931001671441963,0,3.0356339541471287,0.0,val
0.9888318608883254,1,0.3704259040346693,1.0,val
0.9888318608883254,5,0.12865562051885387,1.0,val
0.999205008097797,11,0.15002355327450342,1.0,val
0.999205008097797,12,0.11097717205388291,1.0,val
0.9999962731732165,1856,0.0015037055517015275,1.0,val
0.9999962731732165,2480,0.0012907465637249749,1.0,val
0.8481306753421819,12,0.007751438500695326,1.0,val
0.8481306753421819,7,0.0072237528362834365,1.0,val
0.9888318608883254,4,0.0787123000536085,1.0,val
0.9999962731732165,0,3.593760953237788,0.0,val
0.1931001671441963,0,4.478400259605065,0.0,val
0.9999962731732165,53,0.002161454251743814,1.0,val
0.8481306753421819,0,0.6200305355133036,0.0,val
0.1931001671441963,0,5.472672738329376,0.0,val
0.1931001671441963,0,5.552168778513326,0.0,val
0.8481306753421819,3,0.29345945052871614,1.0,val
0.999205008097797,1022,0.003550714299449726,1.0,val
0.9999962731732165,1577,0.0012407494520751741,1.0,val
0.9888318608883254,0,2.627596505535637,0.0,val
0.9999962731732165,0,2.9524167039679208,0.0,val
0.999205008097797,129,0.0003664157569537343,1.0,val
0.999205008097797,18,0.07232185244282284,1.0,val
0.1931001671441963,0,4.966945734355397,0.0,val
0.9999962731732165,50,0.003563792938885611,1.0,val
0.9999962731732165,2679,0.00027793202309598763,1.0,val
0.8481306753421819,3,0.1067543224230466,1.0,val
0.1931001671441963,3,0.4403947062587832,1.0,val
0.999205008097797,4,0.009054606505971934,1.0,val
0.9888318608883254,2,0.7122676396111866,1.0,val
0.9999962731732165,3253,0.00015960037109064395,1.0,val
0.9888318608883254,0,5.456071963395156,0.0,val
0.8481306753421819,0,1.810896953439723,0.0,val
0.8481306753421819,0,3.536708277350182,0.0,val
0.8481306753421819,0,0.33427393300956165,0.0,val
0.9888318608883254,5,0.07696157907915109,1.0,val
0.9888318608883254,2,0.1987395165226532,1.0,val
0.999205008097797,222,0.005174721622457485,1.0,val
0.1931001671441963,0,4.159742753311315,0.0,val
0.1931001671441963,0,1.2172120356496414,0.0,val
0.999205008097797,14,0.03376171240283191,1.0,val
0.9888318608883254,5,0.4955823376020729,1.0,val
0.8481306753421819,6,0.22414717917023,1.0,val
0.9888318608883254,23,0.022285824913928626,1.0,val
0.1931001671441963,0,1.9357047711949684,0.0,val
0.9888318608883254,114,0.0193114397823582,1.0,val
0.999205008097797,186,0.0037778623533850043,1.0,val
0.9999962731732165,239,0.005410815357435348,1.0,val
0.9888318608883254,13,0.02338057406153638,1.0,val
0.8481306753421819,3,0.2719575502944421,1.0,val
0.1931001671441963,0,0.8638237756346792,0.0,val
0.9888318608883254,365,0.008454246568379486,1.0,val
0.1931001671441963,0,0.9310448487255514,0.0,val
0.9999962731732165,6,0.24493003617964787,1.0,val
0.1931001671441963,0,2.5797473560875686,0.0,val
0.999205008097797,952,0.0002778060576944162,1.0,val
0.8481306753421819,1,0.9260415960535016,0.0,val
0.1931001671441963,0,0.41443867288790837,0.0,val
0.9888318608883254,2,0.2280039661483698,1.0,val
0.999205008097797,1,2.4106997524181457,1.0,val
0.999205008097797,2,0.23565568144360538,1.0,val
0.9999962731732165,105,0.0009097899608767819,1.0,val
0.1931001671441963,0,4.301655917343572,0.0,val
0.8481306753421819,0,3.436725004591601,0.0,val
0.1931001671441963,0,5.177447783720125,0.0,val
0.9999962731732165,3379,0.0005666199507946669,1.0,val
0.1931001671441963,0,2.3408731787251575,0.0,val
0.999205008097797,0,2.912748507673904,0.0,val
0.8481306753421819,1,0.6467989258612876,1.0,val
0.999205008097797,1309,5.769007261757843e-05,1.0,val
0.1931001671441963,0,1.729631926507715,0.0,val
0.9999962731732165,322,0.0023721959982182855,1.0,val
0.999205008097797,3,0.1634702016834516,1.0,val
0.9888318608883254,35,0.08086782845060919,1.0,val
0.999205008097797,0,4.649700398961285,0.0,val
0.9888318608883254,11,0.02855151239128034,1.0,val
0.9999962731732165,4,0.0773090090590401,1.0,val
0.8481306753421819,0,0.19432411065210875,0.0,val
0.1931001671441963,0,2.617031072704455,0.0,val
0.9999962731732165,540,0.0001255879801396677,1.0,val
0.8481306753421819,1,0.6750219956621271,1.0,val
0.9888318608883254,1,0.5576120260353821,1.0,val
0.9888318608883254,0,2.5927744891143174,0.0,val
0.999205008097797,0,4.751710141840238,0.0,val
0.9888318608883254,1,0.22609967219011554,1.0,val
0.9888318608883254,7,0.030133538737778666,1.0,val
0.9999962731732165,128,0.0062315983125619465,1.0,val
0.1931001671441963,0,1.1802446989585031,0.0,val
0.1931001671441963,0,2.647959034688425,0.0,val
0.999205008097797,0,0.7020095105854598,0.0,val
0.999205008097797,325,0.0012711219987020655,1.0,val
0.9999962731732165,2010,0.001102859972533595,1.0,val
0.1931001671441963,0,4.264565568346926,0.0,val
0.9888318608883254,2,0.5192019792387966,1.0,val
0.9888318608883254,2,0.11088839737665504,1.0,val
0.999205008097797,3,0.03431803830459863,1.0,val
0.9999962731732165,953,7.731639829518312e-05,1.0,val
0.1931001671441963,0,0.6887103087848765,0.0,val
0.999205008097797,7,0.08076502788893941,1.0,val
0.9888318608883254,9,0.19395958293616455,1.0,val
0.9888318608883254,0,2.4775663813704427,0.0,val
0.1931001671441963,0,3.625318347680208,0.0,val
0.1931001671441963,0,0.6725517396650256,0.0,val
0.1931001671441963,1,0.4439403223430605,1.0,val
0.9888318608883254,216,0.0015334279958804393,1.0,val
0.1931001671441963,0,5.548773643879645,0.0,val
0.1931001671441963,0,4.710896802249212,0.0,val
0.1931001671441963,0,2.616350862031438,0.0,val
0.8481306753421819,4,0.005558472263165433,1.0,val
0.9999962731732165,49,0.00010556922505865581,1.0,val
0.1931001671441963,0,4.851958198791178,0.0,val
0.999205008097797,110,0.005665633512225385,1.0,val
0.1931001671441963,0,0.3648803126653526,0.0,val
0.9999962731732165,1,0.48539416959356296,1.0,val
0.9999962731732165,1,1.643716115244023,1.0,val
0.9888318608883254,2,0.33055091594332675,1.0,val
0.999205008097797,33,0.03816808987136989,1.0,val
0.1931001671441963,0,5.378426441596579,0.0,val
0.1931001671441963,0,5.237511378687783,0.0,val
0.1931001671441963,0,3.498871095905364,0.0,val
0.8481306753421819,2,0.15330344755496267,1.0,val
0.9999962731732165,36,0.007561132946767386,1.0,val
0.999205008097797,2,0.7197549211377406,1.0,val
0.9888318608883254,1,0.3204149074559239,1.0,val
0.9888318608883254,96,0.0039530767716915854,1.0,val
0.1931001671441963,0,0.2797446883413399,0.0,val
0.999205008097797,1,1.4141513357234856,1.0,val
0.9999962731732165,19,0.0023565577682838424,1.0,val
0.8481306753421819,1,0.6731703818275139,0.0,val
0.1931001671441963,0,5.679746943042133,0.0,val
0.1931001671441963,0,1.6917596381405902,0.0,val
0.1931001671441963,0,0.5937908047888973,0.0,val
0.999205008097797,6,0.3494980138251455,1.0,val
0.8481306753421819,0,1.3678198366038654,0.0,val
0.8481306753421819,0,3.501003286519893,0.0,val
0.9999962731732165,69,0.05184214365333278,1.0,val
0.9999962731732165,0,0.41079230622138785,0.0,val
0.8481306753421819,1,0.5106400622788517,1.0,val
0.999205008097797,41,0.040831006416864137,1.0,val
0.1931001671441963,0,0.25797155303962493,0.0,val
0.9888318608883254,130,0.000516674830158484,1.0,val
0.8481306753421819,1,1.981113933577614,1.0,val
0.1931001671441963,0,1.2270895471170162,0.0,val
0.8481306753421819,1,1.7483137227558967,1.0,val
0.999205008097797,8,0.13497923663301425,1.0,val
0.8481306753421819,3,0.18380697655999576,1.0,val
0.9999962731732165,765,0.001332788473798337,1.0,val
0.999205008097797,85,0.010260465054506228,1.0,val
0.999205008097797,0,5.172677979034366,0.0,val
0.9999962731732165,0,1.295122806497621,0.0,val
0.9999962731732165,70,0.013516432855117746,1.0,val
0.999205008097797,22,0.0028086854069638754,1.0,val
0.8481306753421819,0,0.9104008648643451,0.0,val
0.9999962731732165,1278,0.000359408201526942,1.0,val
0.9888318608883254,1,1.1422338175772853,1.0,val
0.8481306753421819,1,0.0564923990222202,1.0,val
0.999205008097797,344,0.0010619445707669845,1.0,val
0.999205008097797,750,7.165789283974121e-05,1.0,val
0.8481306753421819,4,0.0037862697049451804,1.0,val
0.999205008097797,501,0.0033736914247319886,1.0,val
0.8481306753421819,0,4.689910565989653,0.0,val
0.1931001671441963,0,5.898588729268601,0.0,val
0.1931001671441963,0,1.6410179413856696,0.0,val
0.9888318608883254,7,0.08410639215890607,1.0,val
0.9888318608883254,0,0.6704774998596092,0.0,val
0.8481306753421819,6,0.6732591610877967,1.0,val
0.1931001671441963,0,2.5053765103374896,0.0,val
0.8481306753421819,0,2.2027328544317273,0.0,val
0.8481306753421819,0,0.4918547862693057,0.0,val
0.1931001671441963,0,5.458354002841539,0.0,val
0.1931001671441963,0,2.773794840650317,0.0,val
0.9999962731732165,97,0.005171109129765946,1.0,val
0.1931001671441963,0,2.997534161468786,0.0,val
0.9999962731732165,2,1.3914233219586725,1.0,val
0.9999962731732165,5985,3.88140716878091e-05,1.0,val
0.9888318608883254,6,0.1359998852656391,1.0,val
0.8481306753421819,0,1.6845292842214428,0.0,val
0.9999962731732165,297,0.004124972605828486,1.0,val
0.9888318608883254,3,0.39040332803487515,1.0,val
0.1931001671441963,0,3.630789599301776,0.0,val
0.1931001671441963,0,1.6344055418197363,0.0,val
0.9888318608883254,0,2.484086545925506,0.0,val
0.9888318608883254,0,0.41913710771239665,0.0,val
0.9999962731732165,59,0.015069856440692586,1.0,val
0.1931001671441963,0,0.20102378615463512,0.0,val
0.9888318608883254,7,0.005557125714585878,1.0,val
0.9999962731732165,14,0.034208648606863394,1.0,val
0.9888318608883254,2,0.899951384387352,1.0,val
0.8481306753421819,3,0.06341431910281356,1.0,val
0.999205008097797,0,4.8604498882629645,0.0,val
0.9999962731732165,1375,0.0008383539501036379,1.0,val
0.1931001671441963,0,1.187347728251343,0.0,val
0.9888318608883254,17,0.03958717415440858,1.0,val
0.1931001671441963,2,0.1544701975442923,1.0,val
0.8481306753421819,5,0.39374238163640146,1.0,val
0.9888318608883254,1,1.0696275077185975,1.0,val
0.999205008097797,471,0.0008122096520753809,1.0,val
0.1931001671441963,0,2.8140197959890774,0.0,val
0.9999962731732165,0,2.4055951149734423,0.0,val
0.9888318608883254,45,0.004345998175480861,1.0,val
0.9888318608883254,32,0.009679134001718142,1.0,val
0.9999962731732165,387,0.005412409826144641,1.0,val
0.999205008097797,130,0.009535889057676914,1.0,val
0.9999962731732165,521,0.012054833044773883,1.0,val
0.999205008097797,0,0.7840896671992852,0.0,val
0.999205008097797,658,0.00034756966117977076,1.0,val
0.9888318608883254,5,0.08909029063464356,1.0,val
0.999205008097797,0,2.31550005710897,0.0,val
0.9888318608883254,0,0.600312350715726,0.0,val
0.1931001671441963,0,2.498785564685177,0.0,val
0.999205008097797,34,0.00045970063330639485,1.0,val
0.9888318608883254,0,5.679940453807316,0.0,val
0.9999962731732165,5,0.2778238656025671,1.0,val
0.999205008097797,0,1.403514379551718,0.0,val
0.1931001671441963,0,3.330439971997986,0.0,val
0.8481306753421819,0,4.515948924897987,0.0,val
0.9888318608883254,0,2.7603523660881115,0.0,val
0.1931001671441963,0,1.507767937740545,0.0,val
0.1931001671441963,0,4.263688866230624,0.0,val
0.999205008097797,3,0.1177088781230541,1.0,val
0.8481306753421819,11,0.022270706158394268,1.0,val
0.9999962731732165,0,5.298939331305962,0.0,val
0.8481306753421819,0,1.288810283387329,0.0,val
0.9888318608883254,2,0.1431592946139677,0.0,val
0.9888318608883254,18,0.012206228429385856,1.0,val
0.8481306753421819,2,1.1584910574514888,1.0,val
0.9999962731732165,8,0.0633066129584341,1.0,val
0.999205008097797,2,0.30245751999192977,1.0,val
0.1931001671441963,0,3.01149497116526,0.0,val
0.999205008097797,686,0.0005335953179275324,1.0,val
0.9888318608883254,3,0.03690559975791619,1.0,val
0.9888318608883254,60,0.007864151204913431,1.0,val
0.9888318608883254,0,0.5510924721738129,0.0,val
0.999205008097797,25,0.047310386448186886,1.0,val
0.9999962731732165,1336,0.000813567538218483,1.0,val
0.9999962731732165,3721,0.0002397701567082892,1.0,val
0.1931001671441963,0,4.843892656229702,0.0,val
0.999205008097797,67,0.005421630735886886,1.0,val
0.1931001671441963,0,4.727867283929012,0.0,val
0.8481306753421819,3,0.15952316582282977,0.0,val
0.8481306753421819,2,0.1001505487047933,1.0,val
0.9888318608883254,50,0.004390663676650584,1.0,val
0.8481306753421819,2,0.641256502573089,0.0,val
0.999205008097797,0,0.13033892861553742,0.0,val
0.9888318608883254,35,0.0006523716682226891,1.0,val
0.999205008097797,10,0.01422859173901235,1.0,val
0.9999962731732165,7611,9.158697932504848e-05,1.0,val
0.1931001671441963,2,0.9236944522610072,1.0,val
0.9888318608883254,0,2.209991492408715,0.0,val
0.9999962731732165,1,3.0479199065032123,1.0,val
0.8481306753421819,1,0.883945044006508,0.0,val
0.1931001671441963,0,5.759183036457391,0.0,val
0.9888318608883254,1,0.3733265959352288,1.0,val
0.8481306753421819,1,0.04343316194395379,1.0,val
0.9999962731732165,0,3.0712128589045324,0.0,val
0.9999962731732165,51,0.005722592237390429,1.0,val
0.999205008097797,0,1.6465292013964095,0.0,val
0.999205008097797,1,0.4554489162008807,1.0,val
0.1931001671441963,0,5.742066338793971,0.0,val
0.1931001671441963,0,4.741550487675147,0.0,val
0.1931001671441963,0,4.37553996955139,0.0,val
0.1931001671441963,0,2.1457414696969916,0.0,val
0.8481306753421819,0,2.935545591414254,0.0,val
0.1931001671441963,0,2.8536957158551846,0.0,val
0.9999962731732165,1070,0.0013816992683449375,1.0,val
0.9999962731732165,19,0.11061912367159853,1.0,val
0.999205008097797,0,3.1824895123923436,0.0,val
0.8481306753421819,0,3.2086237626355842,0.0,val
0.9999962731732165,1147,0.0008400156927797265,1.0,val
0.8481306753421819,6,0.25954765281245007,1.0,val
0.9999962731732165,1,0.028023701272971015,1.0,val
0.1931001671441963,0,4.190512330647391,0.0,val
0.8481306753421819,2,0.6353113415032483,1.0,val
0.9999962731732165,2,0.8804006215820354,1.0,val
0.9999962731732165,5,0.1551707742537183,1.0,val
0.999205008097797,50,0.00743274349628981,1.0,val
0.1931001671441963,0,0.6896282104365441,0.0,val
0.9888318608883254,17,0.047789861580140036,1.0,val
0.9999962731732165,7,0.23242298773091358,1.0,val
0.8481306753421819,3,0.2212342839054322,0.0,val
0.8481306753421819,0,1.0101541474647706,0.0,val
0.1931001671441963,0,5.149561261112499,0.0,val
0.1931001671441963,0,3.645608995412748,0.0,val
0.9888318608883254,12,0.12101713963848433,1.0,val
0.1931001671441963,0,4.969815030663309,0.0,val
0.9888318608883254,45,0.06168734481331507,1.0,val
0.999205008097797,4,0.0039797268008972,1.0,val
0.8481306753421819,0,1.2393617692178907,0.0,val
0.9999962731732165,0,5.35901092968097,0.0,val
0.9888318608883254,4,0.07600798729808038,1.0,val
0.9999962731732165,296,0.00051196526532914,1.0,val
0.8481306753421819,2,0.8294543508445565,1.0,val
0.1931001671441963,0,5.80447185661938,0.0,val
0.9999962731732165,739,0.0027057263358720514,1.0,val
0.8481306753421819,0,3.1519867772744794,0.0,val
0.1931001671441963,0,2.7312689750236707,0.0,val
0.9888318608883254,14,0.02333965949368889,1.0,val
0.9999962731732165,40,0.04665321333506018,1.0,val
0.9999962731732165,6948,9.093951160701853e-06,1.0,val
0.8481306753421819,2,0.20825040320109095,1.0,val
0.8481306753421819,1,1.2598158376301734,1.0,val
0.999205008097797,38,0.006634923469254746,1.0,val
0.999205008097797,89,0.0022187456064272785,1.0,val
0.1931001671441963,0,0.6798006198989393,0.0,val
0.999205008097797,217,1.0212332973232203e-05,1.0,val
0.999205008097797,6,0.1281358176967094,1.0,val
0.9999962731732165,164,0.0015091025411123375,1.0,val
0.999205008097797,16,0.25015128835461947,1.0,val
0.8481306753421819,1,0.006172123778803923,1.0,val
0.9999962731732165,2334,0.00020061966177263146,1.0,val
0.9999962731732165,153,0.01495702694250826,1.0,val
0.8481306753421819,0,1.4108294888592583,0.0,val
0.9999962731732165,3476,4.053221098046995e-05,1.0,val
0.1931001671441963,0,4.110456403050756,0.0,val
0.8481306753421819,1,1.7587007778574322,1.0,val
0.9999962731732165,3064,0.00015360339354404245,1.0,val
0.8481306753421819,0,1.186134895769817,0.0,val
0.1931001671441963,0,4.851525358743647,0.0,val
0.8481306753421819,0,5.855703054196605,0.0,val
0.9999962731732165,402,0.0018045072107159895,1.0,val
0.9999962731732165,269,0.0008335444702284439,1.0,val
0.8481306753421819,2,0.15998483138277675,0.0,val
0.999205008097797,1,0.5602540417531285,1.0,val
0.9999962731732165,139,0.03006776233195408,1.0,val
0.9888318608883254,8,0.23123103691933244,0.0,val
0.9999962731732165,4,0.1548399808149509,1.0,val
0.9999962731732165,11,0.006813608787379649,1.0,val
0.8481306753421819,0,1.2802811643380654,0.0,val
0.9888318608883254,70,0.05245306624935677,1.0,val
0.1931001671441963,0,4.758251165193704,0.0,val
0.1931001671441963,0,4.120008994493247,0.0,val
0.999205008097797,1,0.968949130028096,1.0,val
0.999205008097797,29,0.003996521242860865,1.0,val
0.8481306753421819,8,0.11366971927217924,1.0,val
0.8481306753421819,1,0.20729037596334146,1.0,val
0.8481306753421819,2,0.34888646358792375,1.0,val
0.1931001671441963,1,0.02931349744067178,1.0,val
0.9888318608883254,6,0.33997938940962735,1.0,val
0.9999962731732165,5113,9.21386383063625e-05,1.0,val
0.999205008097797,1004,5.2938568358340684e-05,1.0,val
0.9999962731732165,561,0.002751271540797687,1.0,val
0.9888318608883254,33,0.001177308481966854,1.0,val
0.8481306753421819,0,3.7452369819173352,0.0,val
0.1931001671441963,2,0.4056931608597582,1.0,val
0.9888318608883254,99,0.007370910635870035,1.0,val
0.9999962731732165,6,0.724024914446741,1.0,val
0.1931001671441963,1,0.16066506069467815,1.0,val
0.9999962731732165,983,0.0010352973584083784,1.0,val
0.9999962731732165,12,0.001739701921804808,1.0,val
0.9888318608883254,1,2.4347398793976045,0.0,val
0.1931001671441963,0,0.30911966832683113,0.0,val
0.1931001671441963,0,0.05283069100703397,0.0,val
0.999205008097797,62,0.014611094904230383,1.0,val
0.8481306753421819,1,0.2795588896075789,1.0,val
0.9888318608883254,3,0.13144740439259098,1.0,val
0.1931001671441963,0,0.7255818843000579,0.0,val
0.1931001671441963,0,1.7142829787298937,0.0,val
0.9999962731732165,1847,0.0006656263912972699,1.0,val
0.1931001671441963,0,3.8535102322250645,0.0,val
0.999205008097797,28,0.00613051687222418,1.0,val
0.9888318608883254,197,0.0057134398333159985,1.0,val
0.999205008097797,193,0.005901834620348212,1.0,val
0.1931001671441963,0,2.7324562060138713,0.0,val
0.1931001671441963,0,2.4066249318764568,0.0,val
0.1931001671441963,0,0.5830064174544329,0.0,val
0.999205008097797,46,0.0009113718195966385,1.0,val
0.8481306753421819,1,0.5998327529930709,1.0,val
0.999205008097797,0,4.091736306405135,0.0,val
0.999205008097797,0,5.219617827962576,0.0,val
0.8481306753421819,4,0.04132756762843044,1.0,val
0.8481306753421819,2,0.16640513925628725,1.0,val
0.8481306753421819,0,3.205544287465112,0.0,val
0.9999962731732165,2489,0.00045836454261784557,1.0,val
0.8481306753421819,2,0.2000052466996354,1.0,val
0.9999962731732165,1245,0.0033571616954164683,1.0,val
0.999205008097797,0,2.4608383594919845,0.0,val
0.999205008097797,0,1.5985524610464261,0.0,val
0.1931001671441963,2,0.0681478785499463,1.0,val
0.8481306753421819,0,0.7976550976726997,0.0,val
0.999205008097797,48,0.04192340321856902,1.0,val
0.9999962731732165,0,3.8053699515273784,0.0,val
0.999205008097797,8,0.017247055912060667,1.0,val
0.9999962731732165,105,0.0013877976533853747,1.0,val
0.9888318608883254,2,0.04921062252217718,1.0,val
0.1931001671441963,0,0.6266476550985909,0.0,val
0.8481306753421819,1,1.644014207457609,1.0,val
0.8481306753421819,4,0.4095327964687498,1.0,val
0.8481306753421819,0,1.1233140632815914,0.0,val
0.999205008097797,175,0.0009229300008805944,1.0,val
0.999205008097797,1701,7.882677924893695e-05,1.0,val
0.999205008097797,46,0.001649725487659791,1.0,val
0.8481306753421819,4,0.538668442406686,1.0,val
0.9999962731732165,19,0.0849656111073065,1.0,val
0.9888318608883254,157,0.00031605779455965273,1.0,val
0.999205008097797,316,0.0056900560062477425,1.0,val
0.9999962731732165,136,0.004221840501592044,1.0,val
0.999205008097797,1,0.32619586305411985,1.0,val
0.8481306753421819,5,0.29964369959621656,1.0,val
0.1931001671441963,0,5.0532250360466175,0.0,val
0.1931001671441963,0,2.8810390679503426,0.0,val
0.9999962731732165,7,0.016267607158496032,1.0,val
0.1931001671441963,0,3.8263329359644045,0.0,val
0.9999962731732165,6,0.12345697443964493,1.0,val
0.1931001671441963,0,3.1345621891699276,0.0,val
0.1931001671441963,0,5.559705506680647,0.0,val
0.9888318608883254,0,1.5285189067833385,0.0,val
0.9888318608883254,1,1.4789020456605917,1.0,val
0.9999962731732165,22,0.022270962601317962,1.0,val
0.999205008097797,29,0.023832060640394837,1.0,val
0.8481306753421819,1,0.19013519167191983,1.0,val
0.999205008097797,7,0.048871125843447494,1.0,val
0.1931001671441963,0,1.9193111448714901,0.0,val
0.8481306753421819,0,0.5590878371189001,0.0,test
0.999205008097797,513,0.0008913574016299474,1.0,test
0.8481306753421819,4,0.35202264638072345,1.0,test
0.9888318608883254,85,0.015522016960865156,1.0,test
0.9888318608883254,0,0.6609026534696392,0.0,test
0.8481306753421819,1,0.6721424247943582,1.0,test
0.8481306753421819,2,0.08851864496997873,1.0,test
0.999205008097797,481,0.0024654015854651597,1.0,test
0.1931001671441963,0,1.3063788259251652,0.0,test
0.9888318608883254,1,0.5412432865429804,1.0,test
0.999205008097797,239,0.01217687348213657,1.0,test
0.999205008097797,30,0.034238229350576244,1.0,test
0.999205008097797,0,3.607758001459533,0.0,test
0.1931001671441963,0,5.322078655975497,0.0,test
0.9888318608883254,1,1.2187569486547807,1.0,test
0.8481306753421819,0,0.30858892866134147,0.0,test
0.1931001671441963,0,2.580167169710663,0.0,test
0.1931001671441963,0,0.07281929205217574,0.0,test
0.1931001671441963,0,4.5262130140949255,0.0,test
0.9888318608883254,11,0.195097589190383,1.0,test
0.9888318608883254,29,0.08460562622675999,1.0,test
0.9999962731732165,1,1.461204145589027,0.0,test
0.9888318608883254,2,0.979087667568275,1.0,test
0.999205008097797,77,0.008498520661290438,1.0,test
0.9888318608883254,2,0.2140273122758055,1.0,test
0.999205008097797,0,1.052263382825678,0.0,test
0.1931001671441963,0,4.78847237605231,0.0,test
0.1931001671441963,0,1.1051726550332959,0.0,test
0.9888318608883254,9,0.031732779114632015,1.0,test
0.9888318608883254,30,0.08847630475148156,1.0,test
0.999205008097797,4,0.0940341223582532,1.0,test
0.999205008097797,0,3.091702093357971,0.0,test
0.9999962731732165,143,0.00795959771244768,1.0,test
0.1931001671441963,0,3.814019133069393,0.0,test
0.9999962731732165,362,0.0005705314718675094,1.0,test
0.9999962731732165,0,5.805287233083929,0.0,test
0.8481306753421819,1,1.0239244381324255,1.0,test
0.999205008097797,182,0.007755451851770606,1.0,test
0.1931001671441963,0,4.402912056194976,0.0,test
0.1931001671441963,0,0.1556039566153209,0.0,test
0.999205008097797,1,0.4970481936749052,1.0,test
0.9999962731732165,10,0.1222628608028679,1.0,test
0.8481306753421819,5,0.0440019147021623,1.0,test
0.999205008097797,204,0.0047783512248475105,1.0,test
0.1931001671441963,0,0.184101350084378,0.0,test
0.9999962731732165,579,0.0020658054765182957,1.0,test
0.9888318608883254,10,0.09844851846858149,1.0,test
0.999205008097797,5,0.2000198733918954,1.0,test
0.9999962731732165,43,0.003826297139105293,1.0,test
0.8481306753421819,6,0.02051167381306316,1.0,test
0.999205008097797,0,1.9946793374206953,0.0,test
0.9999962731732165,28,0.005239719965957254,1.0,test
0.9999962731732165,92,0.00411082002357249,1.0,test
0.999205008097797,110,0.008371666718515278,1.0,test
0.8481306753421819,0,0.7767732379408936,0.0,test
0.1931001671441963,0,2.6198423634511503,0.0,test
0.9999962731732165,278,0.004957413375873933,1.0,test
0.8481306753421819,4,0.44519218943954986,1.0,test
0.1931001671441963,0,5.258821924990235,0.0,test
0.9888318608883254,24,0.006021758360923658,1.0,test
0.1931001671441963,0,2.095126686917209,0.0,test
0.9999962731732165,18,0.08964673500727217,1.0,test
0.999205008097797,130,0.005994862413085759,1.0,test
0.8481306753421819,0,4.483500457387667,0.0,test
0.999205008097797,0,5.961216908891069,0.0,test
0.8481306753421819,4,0.1459364864425193,1.0,test
0.1931001671441963,0,0.8677107840946796,0.0,test
0.9888318608883254,47,0.061144994709277485,1.0,test
0.8481306753421819,1,1.969971646073347,1.0,test
0.9888318608883254,50,0.0026989100823685552,1.0,test
0.9999962731732165,7,0.01687655574052417,1.0,test
0.999205008097797,0,3.5387612780010596,0.0,test
0.1931001671441963,0,1.1060202485963564,0.0,test
0.999205008097797,418,0.0003527909927949986,1.0,test
0.999205008097797,789,0.0009652936577654978,1.0,test
0.1931001671441963,0,2.616853065959412,0.0,test
0.9888318608883254,0,5.494992523463414,0.0,test
0.9999962731732165,891,0.00031789678890196477,1.0,test
0.1931001671441963,1,0.49513102571953854,1.0,test
0.999205008097797,12,0.03986192206480149,1.0,test
0.999205008097797,19,0.12414085901543304,1.0,test
0.8481306753421819,1,0.0672166063802058,1.0,test
0.1931001671441963,0,3.7962182659586077,0.0,test
0.9999962731732165,918,0.0003224229516107245,1.0,test
0.999205008097797,0,1.1805652278127083,0.0,test
0.9888318608883254,10,0.21472233831529886,1.0,test
0.9888318608883254,100,0.002981328859455609,1.0,test
0.999205008097797,19,0.0707037811819569,1.0,test
0.1931001671441963,0,0.3376452020092371,0.0,test
0.999205008097797,344,0.00023447896894534018,1.0,test
0.1931001671441963,0,3.211352404997606,0.0,test
0.9999962731732165,0,2.744460677530123,0.0,test
0.999205008097797,429,8.942430119430469e-05,1.0,test
0.1931001671441963,0,2.779030900500554,0.0,test
0.999205008097797,0,4.787951994104972,0.0,test
0.8481306753421819,0,5.576558100139791,0.0,test
0.1931001671441963,0,5.279445263691022,0.0,test
0.1931001671441963,0,5.88958839864011,0.0,test
0.9888318608883254,0,1.9874589012213473,0.0,test
0.1931001671441963,1,0.805004441020049,0.0,test
0.9999962731732165,3235,0.00032543715307414487,1.0,test
0.9999962731732165,0,0.6090569726755568,0.0,test
0.8481306753421819,3,0.13815870210368683,1.0,test
0.9999962731732165,3,0.3357515697655684,1.0,test
0.8481306753421819,0,3.7586292188093386,0.0,test
0.9999962731732165,39,0.016723925292619,1.0,test
0.999205008097797,18,0.0018311981425608917,1.0,test
0.9888318608883254,1,1.0020850690357712,0.0,test
0.9999962731732165,0,0.28053673159693515,0.0,test
0.9888318608883254,8,0.06594537258101839,1.0,test
0.8481306753421819,0,1.461562795502554,0.0,test
0.9888318608883254,1,0.23550276742494342,1.0,test
0.8481306753421819,0,5.598342418176907,0.0,test
0.1931001671441963,0,4.219576012244983,0.0,test
0.9999962731732165,184,0.008530005822551989,1.0,test
0.1931001671441963,0,1.2442172936739904,0.0,test
0.8481306753421819,1,0.902161411208472,1.0,test
0.8481306753421819,0,5.602468454871488,0.0,test
0.9999962731732165,5,0.03458827044237151,1.0,test
0.9888318608883254,2,0.1909979508905834,1.0,test
0.8481306753421819,1,0.1453134452271704,1.0,test
0.1931001671441963,0,0.3364690945511535,0.0,test
0.999205008097797,1,0.13486597327226366,1.0,test
0.8481306753421819,2,0.23790299788831148,1.0,test
0.9999962731732165,190,0.006419152493204153,1.0,test
0.9999962731732165,688,0.0016966222341544955,1.0,test
0.9888318608883254,36,0.06263012211990485,1.0,test
0.9888318608883254,0,4.24111765397766,0.0,test
0.1931001671441963,0,3.664775153181404,0.0,test
0.1931001671441963,0,0.9252091513492284,0.0,test
0.1931001671441963,0,2.747913639134498,0.0,test
0.9888318608883254,13,0.08009680548743474,1.0,test
0.999205008097797,75,0.007232165203103499,1.0,test
0.8481306753421819,1,1.78730625927325,1.0,test
0.9999962731732165,2424,0.00017918929458790112,1.0,test
0.9999962731732165,44,0.06323322177584269,1.0,test
0.999205008097797,18,0.017063381439649482,1.0,test
0.8481306753421819,0,5.681484201821661,0.0,test
0.8481306753421819,1,0.491491500480024,1.0,test
0.1931001671441963,0,3.803489087706488,0.0,test
0.1931001671441963,0,2.47010632589068,0.0,test
0.1931001671441963,0,5.646716521485455,0.0,test
0.8481306753421819,0,2.6743141626700266,0.0,test
0.1931001671441963,0,0.004308564745957977,0.0,test
0.999205008097797,0,5.622311756453209,0.0,test
0.9888318608883254,42,0.009225805110230552,1.0,test
0.8481306753421819,0,3.715804238777139,0.0,test
0.9888318608883254,1,0.24470629426317236,0.0,test
0.1931001671441963,0,5.73444544453349,0.0,test
0.9999962731732165,65,0.02001329921489897,1.0,test
0.1931001671441963,0,0.13800967699644096,0.0,test
0.999205008097797,0,2.1642841260590204,0.0,test
0.1931001671441963,0,2.7568626181129097,0.0,test
0.8481306753421819,0,0.6919060002774167,0.0,test
0.9999962731732165,41,0.001923540948338125,1.0,test
0.9999962731732165,812,0.0002784460844633056,1.0,test
0.9888318608883254,20,0.004482419686809061,1.0,test
0.8481306753421819,0,4.72068071685488,0.0,test
0.1931001671441963,0,0.10321323371752511,0.0,test
0.9999962731732165,3,0.015569259716090147,1.0,test
0.9999962731732165,1323,0.0001940645620304796,1.0,test
0.9888318608883254,179,0.0014170988928552924,1.0,test
0.8481306753421819,13,0.06900228604643749,1.0,test
0.1931001671441963,0,0.5963939238238933,0.0,test
0.1931001671441963,0,1.998663462426124,0.0,test
0.1931001671441963,0,0.6548379170649317,0.0,test
0.9999962731732165,1,0.30890823022973835,0.0,test
0.999205008097797,8,0.12872159983694176,1.0,test
0.999205008097797,299,0.007031026003721475,1.0,test
0.1931001671441963,0,1.901414855589986,0.0,test
0.9999962731732165,47,0.013118106936005349,1.0,test
0.1931001671441963,0,2.3816661240157857,0.0,test
0.9888318608883254,19,0.0016964756695490894,1.0,test
0.999205008097797,241,0.0056775972530363926,1.0,test
0.8481306753421819,0,5.953000421124181,0.0,test
0.9999962731732165,0,3.061830017405713,0.0,test
0.8481306753421819,0,5.370591957101239,0.0,test
0.1931001671441963,0,4.1576448425915045,0.0,test
0.1931001671441963,0,0.9498709361520403,0.0,test
0.999205008097797,2349,0.0017942215296607802,1.0,test
0.8481306753421819,6,0.1106813485791937,1.0,test
0.8481306753421819,0,0.03539113663979032,0.0,test
0.9999962731732165,8536,1.3438753210786572e-05,1.0,test
0.999205008097797,17,0.022649644612753723,1.0,test
0.9999962731732165,1,0.4182516844501613,1.0,test
0.8481306753421819,1,1.9733116685170957,0.0,test
0.1931001671441963,0,4.2075227922344896,0.0,test
0.8481306753421819,0,4.1764441471741645,0.0,test
0.1931001671441963,0,3.6822907447928035,0.0,test
0.9888318608883254,11,0.05928857281024419,1.0,test
0.1931001671441963,0,1.4966028442067478,0.0,test
0.9888318608883254,5,0.0029554153067880523,1.0,test
0.8481306753421819,0,0.06612051790084772,0.0,test
0.9999962731732165,85,0.009399432424634362,1.0,test
0.9999962731732165,3094,0.00024307622666476105,1.0,test
0.9999962731732165,11,0.011078420952230683,1.0,test
0.9888318608883254,6,0.17333811674579452,1.0,test
0.1931001671441963,0,3.4673618484358513,0.0,test
0.9999962731732165,9620,1.0973847203771641e-05,1.0,test
0.9999962731732165,443,3.9541632201034476e-05,1.0,test
0.999205008097797,377,0.0004899200116388266,1.0,test
0.9888318608883254,12,0.040560191258536646,1.0,test
0.9999962731732165,352,0.00011579909420277738,1.0,test
0.9888318608883254,32,0.008091518576634748,1.0,test
0.1931001671441963,0,4.737858639259515,0.0,test
0.9999962731732165,6835,3.443930852453798e-06,1.0,test
0.999205008097797,1,0.5438570216514995,1.0,test
0.1931001671441963,0,4.929646528917356,0.0,test
0.999205008097797,2,0.05180846885584289,0.0,test
0.1931001671441963,0,0.513878528520118,0.0,test
0.9888318608883254,0,0.25971938126036664,0.0,test
0.999205008097797,624,0.0006574903053995277,1.0,test
0.1931001671441963,0,4.025071896224775,0.0,test
0.1931001671441963,0,3.2928641777204017,0.0,test
0.1931001671441963,0,4.998238346856745,0.0,test
0.9999962731732165,12,0.06455084592358505,1.0,test
0.1931001671441963,0,3.76762358672031,0.0,test
0.1931001671441963,1,0.9427603908485944,1.0,test
0.1931001671441963,1,1.2403606026419696,1.0,test
0.1931001671441963,0,0.2386207158517697,0.0,test
0.999205008097797,1,1.7813671350187383,1.0,test
0.9999962731732165,2319,5.830440092317063e-05,1.0,test
0.8481306753421819,2,0.4186895190761864,1.0,test
0.9999962731732165,16,0.05719050365535074,1.0,test
0.999205008097797,593,0.0011810913955881647,1.0,test
0.999205008097797,0,4.652341886548424,0.0,test
0.9888318608883254,4,1.233490396822152,1.0,test
0.9888318608883254,2,0.0801716728663773,1.0,test
0.999205008097797,69,0.023055610717947844,1.0,test
0.999205008097797,38,0.014731749336950524,1.0,test
0.8481306753421819,0,5.316391653665685,0.0,test
0.1931001671441963,0,3.6358097921690966,0.0,test
0.999205008097797,4,0.06636605398584201,1.0,test
0.999205008097797,35,0.01607046856509867,1.0,test
0.9999962731732165,3,0.8206925101795118,1.0,test
0.999205008097797,889,0.0029019771888403358,1.0,test
0.999205008097797,11,0.10837295724780893,1.0,test
0.999205008097797,53,0.002970460396861741,1.0,test
0.1931001671441963,0,4.610097981215424,0.0,test
0.999205008097797,3,0.16374174821386556,1.0,test
0.1931001671441963,0,0.3995091957438117,0.0,test
0.9999962731732165,1,1.2546790569242006,1.0,test
0.9999962731732165,672,0.002325660019010019,1.0,test
0.1931001671441963,0,0.12609551796395246,0.0,test
0.999205008097797,51,0.011929452820045792,1.0,test
0.9888318608883254,0,0.861601960763883,0.0,test
0.1931001671441963,0,0.10873049364387466,0.0,test
0.9999962731732165,4958,6.730032427193017e-06,1.0,test
0.1931001671441963,0,3.722679859465561,0.0,test
0.9999962731732165,2,0.06133145655814206,1.0,test
0.9999962731732165,484,0.0035338750278939854,1.0,test
0.1931001671441963,0,5.763482873123099,0.0,test
0.1931001671441963,0,4.752582990901424,0.0,test
0.9888318608883254,1,0.020447199881157403,1.0,test
0.1931001671441963,0,0.6701891720869619,0.0,test
0.8481306753421819,4,0.29246335208006097,1.0,test
0.1931001671441963,0,3.368535220699748,0.0,test
0.8481306753421819,0,5.097698610320376,0.0,test
0.8481306753421819,4,0.9181325149761306,1.0,test
0.1931001671441963,0,0.22003665342181544,0.0,test
0.9999962731732165,552,0.001275493360753678,1.0,test
0.9888318608883254,0,0.28610230193841835,0.0,test
0.9999962731732165,7483,2.3817642632946903e-05,1.0,test
0.9999962731732165,17,0.062497130787901416,1.0,test
0.9999962731732165,3,0.31950549045799537,1.0,test
0.9999962731732165,5598,2.5034752234827066e-05,1.0,test
0.8481306753421819,0,2.3061820650392133,0.0,test
0.1931001671441963,0,5.9669222762209975,0.0,test
0.999205008097797,3,1.0302234298075736,1.0,test
0.8481306753421819,0,1.039301140815774,0.0,test
0.1931001671441963,0,2.8067122499319597,0.0,test
0.999205008097797,62,0.016673835455286026,1.0,test
0.8481306753421819,1,1.1156024854948587,1.0,test
0.999205008097797,14,0.17393963595854978,1.0,test
0.1931001671441963,0,1.310442452087389,0.0,test
0.9999962731732165,94,0.003082239257511859,1.0,test
0.9999962731732165,118,0.02490428452653513,1.0,test
0.999205008097797,0,2.5380095934477636,0.0,test
0.9999962731732165,6733,0.00019478833441409667,1.0,test
0.1931001671441963,0,2.2265167002747464,0.0,test
0.8481306753421819,0,0.2834109427845839,0.0,test
0.9888318608883254,16,0.06581758060336936,1.0,test
0.9999962731732165,135,0.008389078312685459,1.0,test
0.1931001671441963,0,3.8158935476625397,0.0,test
0.8481306753421819,11,0.1663511176306427,1.0,test
0.9888318608883254,0,2.1263790623499528,0.0,test
0.8481306753421819,4,0.13181899477192352,1.0,test
0.9999962731732165,15,0.02557158206403364,1.0,test
0.9999962731732165,113,0.009400488307276283,1.0,test
0.9888318608883254,0,0.27737686808605044,0.0,test
0.8481306753421819,0,5.967750352641051,0.0,test
0.9888318608883254,86,0.009910123879683833,1.0,test
0.1931001671441963,0,0.2875550346344633,0.0,test
0.1931001671441963,0,4.980968207408015,0.0,test
0.1931001671441963,0,0.5817704281714806,0.0,test
0.9888318608883254,17,0.04246868026226888,1.0,test
0.9999962731732165,3183,0.0003674918247023655,1.0,test
0.999205008097797,44,0.0051978472263491966,1.0,test
0.9888318608883254,2,0.15983168334597708,1.0,test
0.1931001671441963,0,3.56469507769356,0.0,test
0.999205008097797,38,0.002680868529846072,1.0,test
0.8481306753421819,2,0.28404958763689064,1.0,test
0.8481306753421819,0,5.540105509847339,0.0,test
0.9999962731732165,2658,0.00031814815713338907,1.0,test
0.999205008097797,18,0.02398321318826725,1.0,test
0.1931001671441963,0,3.2222192177611553,0.0,test
0.1931001671441963,0,1.3304065675823227,0.0,test
0.8481306753421819,6,0.2842386900369795,1.0,test
0.9999962731732165,1,2.001167123852091,1.0,test
0.1931001671441963,0,2.6943096299411056,0.0,test
0.9999962731732165,3317,0.0003866504937120073,1.0,test
0.9888318608883254,6,0.01622760893866361,1.0,test
0.9888318608883254,0,0.9512653727003102,0.0,test
0.1931001671441963,0,4.420127363085595,0.0,test
0.9999962731732165,1018,0.000943351558095632,1.0,test
0.999205008097797,1497,0.0009207933566242485,1.0,test
0.8481306753421819,0,3.6535947439536853,0.0,test
0.1931001671441963,0,4.234419849245443,0.0,test
0.999205008097797,4,0.555261586791557,1.0,test
0.9888318608883254,1,0.0819622854249555,1.0,test
0.8481306753421819,0,5.047255993214867,0.0,test
0.9999962731732165,1617,1.9495092720126226e-05,1.0,test
0.9999962731732165,21,0.03774287913094214,1.0,test
0.9888318608883254,2,0.03489376110090372,1.0,test
0.8481306753421819,0,5.960409581861585,0.0,test
0.9888318608883254,3,1.7169415858634878,1.0,test
0.8481306753421819,12,0.032859263964125245,1.0,test
0.999205008097797,0,3.8204950044058563,0.0,test
0.1931001671441963,1,0.956971127310043,0.0,test
0.8481306753421819,0,0.7341104906295401,0.0,test
0.9999962731732165,4,0.0647313621323201,1.0,test
0.8481306753421819,5,0.07061394763637027,1.0,test
0.999205008097797,5,0.05871457844421172,1.0,test
0.999205008097797,62,0.0013792341602021304,1.0,test
0.9888318608883254,15,0.02665901541349159,1.0,test
0.9888318608883254,0,3.6629426843132133,0.0,test
0.8481306753421819,7,0.0017265093210376105,1.0,test
0.8481306753421819,2,0.36358476705310616,1.0,test
0.1931001671441963,0,1.3169189902520158,0.0,test
0.8481306753421819,6,0.23359816600406533,1.0,test
0.9999962731732165,0,4.534371596375527,0.0,test
0.8481306753421819,0,2.5786251503422077,0.0,test
0.9888318608883254,0,1.3031377316550594,0.0,test
0.1931001671441963,1,0.35898403857819994,1.0,test
0.9999962731732165,213,0.0005007367448637437,1.0,test
0.8481306753421819,0,2.1703287240860023,0.0,test
0.1931001671441963,0,2.4683018942886226,0.0,test
0.9999962731732165,1,1.1496141597872642,1.0,test
0.9999962731732165,11,0.018521872331520344,1.0,test
0.1931001671441963,1,0.2601236714815355,1.0,test
0.1931001671441963,0,1.7081484948290395,0.0,test
0.8481306753421819,0,4.849013987439683,0.0,test
0.9999962731732165,10,0.13185115487137444,1.0,test
0.1931001671441963,1,1.2854802488722845,1.0,test
0.9999962731732165,664,0.0004937064380327765,1.0,test
0.9888318608883254,66,0.007521271255368451,1.0,test
0.9999962731732165,171,0.002909968555115418,1.0,test
0.1931001671441963,0,1.2104963268262714,0.0,test
0.8481306753421819,3,0.08418869280433694,0.0,test
0.1931001671441963,0,5.501401233208351,0.0,test
0.9888318608883254,0,5.767080354332845,0.0,test
0.8481306753421819,2,0.0027552942686033034,1.0,test
0.9999962731732165,98,0.020747999914498393,1.0,test
0.999205008097797,27,0.06481555972418249,1.0,test
0.9999962731732165,12,0.1708421727603293,1.0,test
0.999205008097797,7,0.0737832752000805,1.0,test
0.9888318608883254,7,0.13714895221613219,1.0,test
0.9888318608883254,0,2.7811804218284903,0.0,test
0.8481306753421819,0,5.312362670297199,0.0,test
0.999205008097797,476,0.001981754042179115,1.0,test
0.1931001671441963,0,1.6604271898111889,0.0,test
0.999205008097797,2,0.9725858546993569,1.0,test
0.9999962731732165,693,0.006831824768881471,1.0,test
0.9999962731732165,3164,0.0014626245944677427,1.0,test
0.1931001671441963,0,1.8545752291865019,0.0,test
0.1931001671441963,0,2.1708487585491962,0.0,test
0.8481306753421819,0,3.648036665187408,0.0,test
0.9888318608883254,10,0.035256531473947514,1.0,test
0.999205008097797,0,0.2574869009432277,0.0,test
0.8481306753421819,0,0.5420645386394063,0.0,test
0.9888318608883254,30,0.04954668537368437,1.0,test
0.999205008097797,1,0.5193171867772769,1.0,test
0.999205008097797,15,0.1961236694483798,1.0,test
0.9888318608883254,22,0.0870621139221706,1.0,test
0.9888318608883254,0,3.9963662836185208,0.0,test
0.9999962731732165,3286,1.9239339311196287e-05,1.0,test
0.999205008097797,105,0.004251044904940098,1.0,test
0.1931001671441963,1,0.25389403597373933,1.0,test
0.1931001671441963,0,1.5257433949119943,0.0,test
0.9888318608883254,0,3.2747432089825264,0.0,test
0.1931001671441963,2,0.782515658171086,1.0,test
0.9999962731732165,23,0.0005000186377754871,1.0,test
0.9999962731732165,198,0.000120080395310409,1.0,test
0.9999962731732165,4,0.09689427722515218,1.0,test
0.999205008097797,714,0.0016618158290819863,1.0,test
0.1931001671441963,0,1.1152141296463667,0.0,test
0.9999962731732165,1,0.6149819513875107,1.0,test
0.1931001671441963,0,0.25687728648621455,0.0,test
0.8481306753421819,1,1.2346027359713072,1.0,test
0.8481306753421819,3,0.12477855948715874,1.0,test
0.9888318608883254,4,0.1884303818634218,1.0,test
0.9999962731732165,2,0.08946832384973515,1.0,test
0.9999962731732165,3,0.8393592695782989,1.0,test
0.9999962731732165,2909,2.1978427336818847e-05,1.0,test
0.9999962731732165,0,1.0598739387038947,0.0,test
0.9999962731732165,4,0.1878413025738861,1.0,test
0.9888318608883254,9,0.020604771379460114,1.0,test
0.9999962731732165,439,0.0007557408230369221,1.0,test
0.8481306753421819,2,1.170599729776284,1.0,test
0.9888318608883254,20,0.020545875500447647,1.0,test
0.1931001671441963,0,5.065731908740597,0.0,test
0.999205008097797,196,8.01267142169644e-05,1.0,test
0.1931001671441963,1,1.181037780049705,1.0,test
0.9999962731732165,0,3.681293607984238,0.0,test
0.999205008097797,183,0.0005016401565585766,1.0,test
0.9999962731732165,5,0.02298223337005754,1.0,test
0.8481306753421819,1,1.2248494421887197,1.0,test
0.8481306753421819,2,1.2998790701006584,1.0,test
0.1931001671441963,0,5.820263771822125,0.0,test
0.999205008097797,449,0.0025740087388916,1.0,test
0.999205008097797,2,0.01401579334242764,0.0,test
0.1931001671441963,0,5.722431080038868,0.0,test
0.8481306753421819,0,0.9762858409724067,0.0,test
0.8481306753421819,1,0.17182894897854376,1.0,test
0.999205008097797,171,0.0005580705547457126,1.0,test
0.9999962731732165,3672,0.0003676156802784524,1.0,test
0.8481306753421819,5,0.06086901162925025,1.0,test
0.9999962731732165,4079,2.513135725195199e-06,1.0,test
0.9888318608883254,12,0.03079428549425187,1.0,test
0.999205008097797,11,0.0414557919181479,1.0,test
0.9999962731732165,19,0.015130039635590143,1.0,test
0.9888318608883254,1,0.7599544275264227,1.0,test
0.9999962731732165,868,0.0002760679134519971,1.0,test
0.1931001671441963,0,5.125621491904601,0.0,test
0.1931001671441963,0,0.9343590626110982,0.0,test
0.9999962731732165,477,0.0011930213850032331,1.0,test
0.9999962731732165,3660,0.0008071876793401797,1.0,test
0.9999962731732165,241,0.0045538866732040524,1.0,test
0.9888318608883254,0,3.9224260124447268,0.0,test
0.9999962731732165,6,0.0766799322804718,1.0,test
0.1931001671441963,0,5.521931738997945,0.0,test
0.9888318608883254,2,0.48625916283705783,0.0,test
0.9888318608883254,0,2.1244113556088418,0.0,test
0.1931001671441963,0,4.042565820340813,0.0,test
0.9999962731732165,5,0.07442203152211965,1.0,test
0.999205008097797,2,0.007607522764641016,1.0,test
0.9888318608883254,1,0.3690149025712693,1.0,test
0.999205008097797,2,0.24681840897486965,1.0,test
0.8481306753421819,1,0.8223920259187791,1.0,test
0.8481306753421819,3,0.30697028954255584,1.0,test
0.9999962731732165,2,0.5285685121574655,1.0,test
0.9888318608883254,113,0.0011993614459896269,1.0,test
0.8481306753421819,1,0.8144371015733937,1.0,test
0.999205008097797,8,0.2116041694134518,1.0,test
0.1931001671441963,0,0.456795300549363,0.0,test
0.9999962731732165,2,0.2757760815892432,1.0,test
0.8481306753421819,0,4.43847899085762,0.0,test
0.999205008097797,45,0.06024001253147041,1.0,test
0.8481306753421819,0,5.775657156010883,0.0,test
0.1931001671441963,1,1.273352266365731,1.0,test
0.9888318608883254,1,1.5428361988583121,0.0,test
0.999205008097797,16,0.11634528133315727,1.0,test
0.8481306753421819,0,4.126196288081824,0.0,test
0.9888318608883254,1,0.9085320556256707,1.0,test
0.9999962731732165,5891,0.00042801709346423255,1.0,test
0.9888318608883254,7,0.22741257621763805,1.0,test
0.999205008097797,31,0.0055811185437069175,1.0,test
0.999205008097797,62,0.00778701979889381,1.0,test
0.999205008097797,44,0.02095010122973211,1.0,test
0.9888318608883254,0,0.9345352282318726,0.0,test
0.9999962731732165,21,0.06155933195786441,1.0,test
0.999205008097797,383,0.0002697650286681963,1.0,test
0.9999962731732165,7365,8.145529453058819e-05,1.0,test
0.9888318608883254,0,0.8876808931666966,0.0,test
0.9999962731732165,25,0.08607960766570621,1.0,test
0.9888318608883254,11,0.20720124460195768,1.0,test
0.999205008097797,61,0.028952165638993808,1.0,test
0.8481306753421819,0,2.6554179873194323,0.0,test
0.9888318608883254,0,3.270259337873321,0.0,test
0.9999962731732165,682,0.00627769262672412,1.0,test
0.999205008097797,2,0.5685008094947407,1.0,test
0.9888318608883254,3,1.8518640237116846,1.0,test
0.8481306753421819,2,0.45008709652287127,1.0,test
0.999205008097797,10,0.017557494496312078,1.0,test
0.1931001671441963,0,1.5094265990183449,0.0,test
0.8481306753421819,2,0.20526015509917342,1.0,test
0.9999962731732165,2,0.23099678756674666,1.0,test
0.1931001671441963,0,1.5045586670000501,0.0,test
0.999205008097797,0,4.201611003629099,0.0,test
0.1931001671441963,0,0.36624014141097283,0.0,test
0.8481306753421819,0,3.7850922431286627,0.0,test
0.1931001671441963,0,5.404571416720676,0.0,test
0.8481306753421819,0,4.369272888479289,0.0,test
0.999205008097797,12,0.0700592956012862,1.0,test
0.1931001671441963,0,2.3408582992816926,0.0,test
0.9888318608883254,68,0.01845330625031519,1.0,test
0.9888318608883254,6,0.2182843270507766,1.0,test
0.9888318608883254,1,0.37179280390941466,1.0,test
0.9888318608883254,72,0.0358344862739595,1.0,test
0.999205008097797,208,0.0003739657589348733,1.0,test
0.9999962731732165,2,0.12712726202268598,0.0,test
0.9888318608883254,1,0.008836012137634837,1.0,test
0.8481306753421819,1,1.71755604494408,1.0,test
0.8481306753421819,0,0.39580417598415485,0.0,test
0.9999962731732165,494,0.0009739004025958452,1.0,test
0.9888318608883254,9,0.22172620394710296,1.0,test
0.1931001671441963,0,4.265956494834709,0.0,test
0.999205008097797,0,3.214836781445358,0.0,test
0.8481306753421819,0,5.301626399447797,0.0,test
0.8481306753421819,0,3.854932764657881,0.0,test
0.1931001671441963,0,2.458111478653522,0.0,test
0.8481306753421819,1,0.4052169889893667,1.0,test
0.9888318608883254,2,0.7961932102026119,0.0,test
0.9888318608883254,0,0.22407710365814482,0.0,test
0.8481306753421819,0,1.6644828581832412,0.0,test
0.8481306753421819,0,1.3056092922375808,0.0,test
0.999205008097797,0,3.7605759501304865,0.0,test
0.1931001671441963,1,0.4442368055270812,1.0,test
0.9999962731732165,0,3.9896906662893263,0.0,test
0.999205008097797,2,2.691191479574842,0.0,test
0.9999962731732165,0,5.14164209823989,0.0,test
0.9999962731732165,0,3.297146047184091,0.0,test
0.999205008097797,1,0.2586216278404621,1.0,test
0.999205008097797,656,6.649133387003162e-06,1.0,test
0.999205008097797,292,0.0011103237983613747,1.0,test
0.1931001671441963,0,4.1746769868655305,0.0,test
0.999205008097797,348,0.004581926513588068,1.0,test
0.9888318608883254,3,0.1386238280415354,1.0,test
0.999205008097797,7,0.007611192727934155,1.0,test
0.9999962731732165,1,0.33639733486836687,0.0,test
0.999205008097797,964,0.0001903583894755222,1.0,test
0.9888318608883254,3,1.0034444608588977,1.0,test
0.1931001671441963,0,1.4977309920798727,0.0,test
0.9999962731732165,2785,0.0001509753372674392,1.0,test
0.8481306753421819,0,4.001885033139347,0.0,test
0.9888318608883254,0,2.163994429607109,0.0,test
0.9888318608883254,0,2.981074205003388,0.0,test
0.999205008097797,13,0.11198816846500464,1.0,test
0.8481306753421819,0,0.31983504397979545,0.0,test
0.9888318608883254,1,0.6973145418646913,1.0,test
0.9888318608883254,0,1.8558950257937272,0.0,test
0.999205008097797,54,0.006061336831830584,1.0,test
0.9999962731732165,11,0.1780258688213268,1.0,test
0.999205008097797,4,0.19422387575133654,1.0,test
0.9888318608883254,34,0.015973725760599383,1.0,test
0.9888318608883254,42,0.017230426481382368,1.0,test
0.8481306753421819,2,0.5642225776676348,1.0,test
0.9999962731732165,1,1.0072921162123687,1.0,test
0.9999962731732165,117,0.012115318873211645,1.0,test
0.1931001671441963,0,0.7224147776233107,0.0,test
0.9999962731732165,1054,0.0006114421436383744,1.0,test
0.9888318608883254,0,3.5250858436402317,0.0,test
0.999205008097797,18,0.055820218147508524,1.0,test
0.9999962731732165,478,0.003512688396454199,1.0,test
0.8481306753421819,0,1.0631733358445439,0.0,test
0.1931001671441963,0,3.5923598586529484,0.0,test
0.9888318608883254,3,0.9859214354965373,1.0,test
0.9888318608883254,0,0.8818227334313509,0.0,test
0.999205008097797,2,0.4365592165349546,1.0,test
0.9999962731732165,0,3.8775234610452483,0.0,test
0.999205008097797,119,0.0013180087749889893,1.0,test
0.9999962731732165,29,0.011775138415443542,1.0,test
0.9999962731732165,1,0.2167105522466414,1.0,test
0.1931001671441963,0,3.468309415336128,0.0,test
0.999205008097797,50,0.010125159020158238,1.0,test
0.1931001671441963,0,1.9188652901267962,0.0,test
0.1931001671441963,0,4.758405530910683,0.0,test
0.1931001671441963,0,3.4828882299393054,0.0,test
0.9888318608883254,6,0.2648703252271349,1.0,test
0.9888318608883254,64,0.0937106984605686,1.0,test
0.1931001671441963,0,5.8215646826283445,0.0,test
0.999205008097797,51,0.028942094317696135,1.0,test
0.9999962731732165,7107,5.438772299072637e-05,1.0,test
0.9999962731732165,0,3.1251346492372662,0.0,test
0.8481306753421819,1,1.7392017956258772,1.0,test
0.9999962731732165,4,0.12435067436416003,1.0,test
0.1931001671441963,0,0.148502597713428,0.0,test
0.1931001671441963,0,3.369412732316041,0.0,test
0.9888318608883254,11,0.05674895953731341,1.0,test
0.999205008097797,9,0.037257592209586084,1.0,test
0.9999962731732165,1,0.005086608689973527,1.0,test
0.999205008097797,1,1.7934892506293552,1.0,test
0.8481306753421819,0,2.99984511712941,0.0,test
0.9888318608883254,11,0.014070269609896326,1.0,test
0.9888318608883254,5,0.3165416355974998,1.0,test
0.9888318608883254,3,0.05737819459809122,1.0,test
0.9999962731732165,54,0.015640397406245284,1.0,test
0.9999962731732165,136,0.014463001066130226,1.0,test
0.1931001671441963,0,5.5439951078378416,0.0,test
0.9999962731732165,1,2.0425216623786553,1.0,test
0.1931001671441963,0,1.8712582129753872,0.0,test
0.999205008097797,10,0.23827789068524924,1.0,test
0.9888318608883254,9,0.13678642248647646,1.0,test
0.9999962731732165,3,0.43342268332170714,1.0,test
0.8481306753421819,0,2.8493870219044206,0.0,test
0.9888318608883254,0,0.3355957208501712,0.0,test
0.999205008097797,0,1.6279824789320174,0.0,test
0.999205008097797,150,0.02001896977697064,1.0,test
0.9999962731732165,5,0.20323549569482605,1.0,test
0.8481306753421819,0,3.2029060279251187,0.0,test
0.999205008097797,108,0.0005382388530128223,1.0,test
0.1931001671441963,0,5.962635450519511,0.0,test
0.8481306753421819,0,0.9272201469247783,0.0,test
0.9999962731732165,19,0.04531986347391919,1.0,test
0.1931001671441963,1,0.7025729937150256,1.0,test
0.9888318608883254,10,0.15737326128912854,0.0,test
0.1931001671441963,1,0.009996369807284909,1.0,test
0.9999962731732165,7,0.2423788505435035,1.0,test
0.1931001671441963,0,5.1247172445766465,0.0,test
0.1931001671441963,1,1.1745557596408027,1.0,test
0.999205008097797,5,0.133050535799635,1.0,test
0.1931001671441963,0,5.169924261153712,0.0,test
0.9999962731732165,321,0.004269549884338841,1.0,test
0.8481306753421819,0,2.1913163949597236,0.0,test
0.8481306753421819,0,0.5894879411574092,0.0,test
0.999205008097797,41,0.057136097232915295,1.0,test
0.1931001671441963,0,2.0518728627862983,0.0,test
0.999205008097797,8,0.20255547104606553,1.0,test
0.1931001671441963,0,3.2462284436397324,0.0,test
0.999205008097797,130,0.0015958070530560043,1.0,test
0.9888318608883254,23,0.005757852341409666,1.0,test
0.9999962731732165,15,0.026857703414812008,1.0,test
0.1931001671441963,0,2.7591565959148596,0.0,test
0.999205008097797,7,0.026010807115323453,1.0,test
0.9888318608883254,59,0.05064573218166862,1.0,test
0.9888318608883254,105,0.014708068948044519,1.0,test
0.8481306753421819,8,0.039151046334133174,1.0,test
0.9888318608883254,0,0.5939193753887,0.0,test
0.1931001671441963,0,2.1095697420697146,0.0,test
0.9888318608883254,0,5.581997177579631,0.0,test
0.9888318608883254,8,0.02536231382760268,1.0,test
0.999205008097797,15,0.02777135930962432,1.0,test
0.999205008097797,148,0.0001620576271666171,1.0,test
0.1931001671441963,0,1.3006395784167113,0.0,test
0.999205008097797,1,0.2757592779840712,1.0,test
0.9888318608883254,0,4.8457567020580665,0.0,test
0.8481306753421819,1,0.8293421863337848,1.0,test
0.999205008097797,1,0.7315500655169759,1.0,test
0.1931001671441963,0,3.6738079461360202,0.0,test
0.9888318608883254,1,0.9316593813205878,1.0,test
0.8481306753421819,0,4.685839229243635,0.0,test
0.9999962731732165,29,0.04210811271167429,1.0,test
0.1931001671441963,0,3.934096322195116,0.0,test
