p_pred,theta_pred,m_pred,set
0.7519155214097359,0.24808447859026406,0.1542427371136802,train
0.7301597231112759,0.26984027688872414,0.01611844768777871,train
0.902866373826339,0.09713362617366095,0.04078368644930601,train
0.6832453388434917,0.3167546611565083,3.57780130153427,train
0.7791929395222131,0.22080706047778687,0.01678549891329494,train
0.5631093386154137,0.4368906613845863,1.479211753416366,train
0.5333933992469787,0.4666066007530213,1.9563233214726208,train
0.8944063635785947,0.10559363642140529,0.024159416933365707,train
0.7805931271005281,0.21940687289947192,0.14623747963070974,train
0.7313055665158166,0.2686944334841834,0.04115749240707914,train
0.6390782192889278,0.36092178071107217,0.1793903299045452,train
0.7367473980193243,0.2632526019806757,0.08391266434778918,train
0.7793325407357761,0.22066745926422393,0.01319702868979105,train
0.631942000727951,0.36805799927204896,0.01810406088562981,train
0.5999808639069658,0.4000191360930342,0.019697742804398646,train
0.7080588566963161,0.2919411433036839,2.114155699704013,train
0.7459428349034645,0.25405716509653553,1.6438283170779,train
0.8269575942893503,0.17304240571064966,0.021655600407482836,train
0.896229645192722,0.10377035480727792,0.00957374259632438,train
0.7665244310155893,0.2334755689844108,0.013755879566425737,train
0.7039358425147993,0.29606415748520065,0.03787878303413801,train
0.7271965460432023,0.2728034539567977,0.015317588228429822,train
0.7101890528142424,0.2898109471857575,0.01607421383655333,train
0.7548697473850513,0.24513025261494858,2.635430860845518,train
0.8389325621529118,0.1610674378470882,0.011713216795324506,train
0.6148590161659535,0.3851409838340465,0.02319459349578619,train
0.8385213494452078,0.16147865055479216,0.010303265009106775,train
0.8725123562261591,0.12748764377384092,1.4755061036962465,train
0.6357943550556268,0.36420564494437324,0.01881013281368577,train
0.8406372704802237,0.15936272951977626,0.2214992512109656,train
0.7512384946730933,0.24876150532690666,0.041861795847092965,train
0.6971606046788942,0.3028393953211057,0.20060313214679137,train
0.9047916442971676,0.09520835570283237,0.00867449224441168,train
0.794068019719087,0.20593198028091297,0.012524066654533083,train
0.6311237711879044,0.3688762288120956,6.508287945904924,train
0.6481454889449023,0.3518545110550977,0.5362659600462464,train
0.7750989547696486,0.22490104523035137,0.15689256622664638,train
0.6836979577154838,0.3163020422845162,1.6956683546007492,train
0.7006241850319564,0.29937581496804355,1.7833751412095684,train
0.7927408630946664,0.2072591369053336,0.036375861670257324,train
0.733955965718495,0.266044034281505,0.017635160359809558,train
0.6849772289853372,0.3150227710146628,0.0567554084267265,train
0.902866373826339,0.09713362617366095,0.03562661766345389,train
0.6459171910828572,0.35408280891714283,0.017785491907100364,train
0.8234064675999937,0.1765935324000063,0.015149938886870036,train
0.866287656762391,0.13371234323760905,0.027715563146287536,train
0.8016983932518612,0.1983016067481388,0.022938452803361986,train
0.680725825301927,0.31927417469807295,0.0168560759313176,train
0.6761170892737173,0.3238829107262827,2.040733884347307,train
0.7971572241112991,0.20284277588870092,0.09546946654836504,train
0.7586924779235745,0.24130752207642547,2.8331985756592473,train
0.7448510901771189,0.2551489098228811,0.069839138410757,train
0.7487927724700444,0.2512072275299556,0.04508745219555808,train
0.8678879505597236,0.13211204944027644,1.5223390930452074,train
0.6787110975654381,0.3212889024345619,1.2618298491874886,train
0.7200528276197327,0.27994717238026734,0.47377153137075845,train
0.8018617059501373,0.19813829404986272,1.0752326575838846,train
0.7808043869483625,0.21919561305163748,0.03554609454209494,train
0.6211826013951361,0.37881739860486385,1.1434791902008086,train
0.8603484246556435,0.13965157534435646,0.06830998641417985,train
0.6582427005303543,0.3417572994696457,0.017478490216549108,train
0.6380476726244914,0.36195232737550864,2.299503014670221,train
0.7192661260923394,0.2807338739076606,0.018883505115929684,train
0.8825537126036103,0.11744628739638974,0.020024132873090444,train
0.799149726469661,0.20085027353033902,0.02730576093982215,train
0.7592137672595526,0.24078623274044741,0.1324271303045664,train
0.6468585455131715,0.35314145448682854,0.21539894217818936,train
0.8712657541719817,0.1287342458280183,0.008489418189202546,train
0.7795062976086914,0.2204937023913086,0.059562785054918105,train
0.8797752570019155,0.1202247429980845,0.011188029842577534,train
0.5333933992469787,0.4666066007530213,10.007930983333218,train
0.6979551082008868,0.3020448917991132,0.0163250075376839,train
0.8887264255195663,0.11127357448043373,0.007462421030845355,train
0.7283916003203762,0.2716083996796238,0.015273603690938269,train
0.6772282349962233,0.3227717650037767,0.016958170929341793,train
0.7196046567261354,0.2803953432738646,2.2171646446600737,train
0.6178508027735032,0.38214919722649676,0.0183933373661131,train
0.7928472950888968,0.20715270491110316,0.013715149611449644,train
0.829005432758244,0.170994567241756,0.010802392938241706,train
0.6820974560382282,0.31790254396177187,2.333937625178488,train
0.7751918305720261,0.22480816942797388,0.013380366161926767,train
0.6636816793616745,0.33631832063832556,3.1763012624995985,train
0.8374862346650509,0.1625137653349491,0.010426706020210248,train
0.784255092128609,0.215744907871391,0.013011705952582756,train
0.731955352057459,0.268044647942541,0.022914650353458046,train
0.6341399083305167,0.3658600916694833,2.37134394009529,train
0.7599834621975984,0.24001653780240162,0.014031834316169587,train
0.7604866450706811,0.2395133549293189,2.8993966280691867,train
0.6420690933513106,0.35793090664868943,6.718760483743382,train
0.704520072503163,0.29547992749683705,3.3935108601680866,train
0.6727127524145632,0.3272872475854368,0.5169215114258346,train
0.7079670816644008,0.2920329183355991,0.034400320920220655,train
0.7348731303131705,0.2651268696868295,0.015031230465305323,train
0.7312360607677804,0.26876393923221964,0.017367435785976125,train
0.7107190193170491,0.28928098068295094,0.03451207853251227,train
0.6949337616799617,0.3050662383200383,2.836775385301533,train
0.8049312252113099,0.1950687747886901,0.013917661631783778,train
0.7035882378005327,0.2964117621994673,0.016141273133485814,train
0.895592565955806,0.10440743404419395,0.008329362155366504,train
0.7716812661756659,0.2283187338243341,0.04242920503248339,train
0.857157602196989,0.142842397803011,0.010936869203376469,train
0.7737533070585431,0.22624669294145694,0.08235690581560003,train
0.7895335016239899,0.21046649837601006,0.01446925246760929,train
0.8006453132567821,0.19935468674321788,0.012213415200790535,train
0.7173015914335323,0.28269840856646766,0.016082985876946093,train
0.7902645322992122,0.20973546770078777,0.027437647656316785,train
0.8040263529764978,0.19597364702350217,0.015765203030457905,train
0.7311555538901712,0.2688444461098287,0.0151710348346262,train
0.8976927959370652,0.10230720406293481,0.006919226482742909,train
0.8783134809074845,0.12168651909251549,0.036198480667251,train
0.5892603404951208,0.41073965950487934,0.01888107486982742,train
0.8039563747448573,0.19604362525514274,0.015015360900290625,train
0.7318151383292233,0.2681848616707767,2.3680370058446343,train
0.7019033885749737,0.2980966114250263,0.03653582148626734,train
0.7671722381688449,0.23282776183115506,0.013728200831166937,train
0.7211644753835283,0.27883552461647165,0.06354415176797355,train
0.8582196570067517,0.14178034299324827,0.14480025555175086,train
0.8097738713176338,0.1902261286823662,1.1236841675874827,train
0.6278225375933135,0.3721774624066865,0.08558344429046322,train
0.8136350671767388,0.18636493282326116,2.1650014736901957,train
0.7571025576407049,0.2428974423592951,1.7324119587792814,train
0.7590503733051945,0.24094962669480546,0.16233430736468274,train
0.6374049461791594,0.36259505382084056,0.019733333120913774,train
0.7438957141598546,0.25610428584014533,0.016668280159601985,train
0.7190347213942833,0.28096527860571674,3.169654061346958,train
0.9078601377620853,0.0921398622379147,0.0067109890508822165,train
0.6598155927249435,0.3401844072750566,1.588760428613732,train
0.6550612128830566,0.34493878711694337,0.08155432088622133,train
0.7911723322057737,0.20882766779422635,0.10435775690875485,train
0.6835207348861367,0.31647926511386326,0.020454137108438093,train
0.6997292228452167,0.30027077715478334,2.8243997199590307,train
0.6852195572405744,0.3147804427594256,0.016722066897874175,train
0.7522269769513553,0.24777302304864468,0.01854535737078847,train
0.7329633363194565,0.26703666368054346,0.02087965840830465,train
0.6057662767505877,0.3942337232494123,9.993621654416602,train
0.7845824943998676,0.2154175056001324,0.022752941158520116,train
0.6581773707513388,0.34182262924866136,0.05150663748265281,train
0.7298135670631125,0.2701864329368875,3.033882455472742,train
0.6050476245584187,0.39495237544158135,0.062124465964015725,train
0.6044290215147998,0.3955709784852002,1.6015235928057308,train
0.7845423570782609,0.21545764292173908,0.11030084772334317,train
0.7235925941958454,0.27640740580415457,0.11172234331008386,train
0.6725316269083508,0.3274683730916492,0.017863744874077887,train
0.7112259597502827,0.2887740402497173,0.27549749941400214,train
0.6939414325800101,0.30605856741999005,0.11111766832844698,train
0.7189893224927708,0.2810106775072292,1.0821290275238398,train
0.6901986989517026,0.3098013010482974,3.208147658145583,train
0.7229970867760146,0.2770029132239854,0.5730286803386857,train
0.7035794741118745,0.2964205258881255,0.19549068949742177,train
0.6661380560513809,0.33386194394861923,0.03525064511338338,train
0.7839104076682835,0.21608959233171654,0.022244768126020047,train
0.5960861116967725,0.4039138883032275,0.02165479190963814,train
0.5944353211657168,0.40556467883428315,1.3552997226406043,train
0.794757780590994,0.205242219409006,0.012491784847651824,train
0.7850887414152609,0.21491125858473914,0.06426017652004398,train
0.7994590247911081,0.20054097520889191,1.3024742232196371,train
0.7732729673204755,0.22672703267952454,1.8714631030837012,train
0.6387671482390812,0.3612328517609188,7.3593778797825165,train
0.7336992306904504,0.2663007693095496,0.015075605135890123,train
0.6981388466308057,0.3018611533691943,0.020209448740508108,train
0.8887698245388473,0.11123017546115266,0.0074598175329543825,train
0.7746951795383136,0.22530482046168643,0.059273163914629896,train
0.8184612978994351,0.18153870210056489,0.024029275127637497,train
0.7130499291126219,0.286950070887378,0.03433994206104898,train
0.7120558202558903,0.2879441797441096,0.021481547862009818,train
0.8410247201001514,0.1589752798998486,0.03242015281523804,train
0.6355093366336596,0.3644906633663404,0.018025733800218432,train
0.798813672479145,0.20118632752085497,1.8490962606798105,train
0.7916282729366072,0.2083717270633928,1.6169573485901196,train
0.5810797652407023,0.41892023475929774,0.05462814363610168,train
0.7694439248187058,0.23055607518129406,0.013630643622581406,train
0.7234012282147185,0.27659877178528147,0.2634956572849852,train
0.8456216919020866,0.15437830809791342,0.020246219273557346,train
0.6777803123513835,0.3222196876486165,0.02210011746303834,train
0.8018617059501373,0.19813829404986272,0.015417064422661653,train
0.7705391978929612,0.22946080210703879,0.32940916861825015,train
0.623337144952207,0.37666285504779295,6.698719315804805,train
0.7287482916208049,0.2712517083791951,0.015260432975556836,train
0.6815144609148979,0.31848553908510224,0.10850087405016087,train
0.5960293742917999,0.4039706257082001,14.606756866256646,train
0.7259521690731183,0.27404783092688156,0.045470093695995334,train
0.796380593298971,0.20361940670102896,0.07563070084327403,train
0.6729406873896578,0.32705931261034216,5.538617896080313,train
0.8216767363174466,0.17832326368255336,0.011178060759407799,train
0.6600229602082315,0.3399770397917685,0.017432138866906297,train
0.7776910748872106,0.22230892511278944,1.7723336740052222,train
0.7654132814739456,0.2345867185260544,0.03187383264613919,train
0.8889543111350829,0.11104568886491706,0.05785605348067369,train
0.6688938574705598,0.33110614252944015,6.654083405714911,train
0.6609863952336634,0.3390136047663366,0.01740684360582381,train
0.6331151107992011,0.36688488920079887,0.08168203622085284,train
0.8036892319095175,0.19631076809048253,0.10286676457226736,train
0.6636995733456639,0.33630042665433624,0.2709546771087383,train
0.8106720496857688,0.18932795031423122,0.011727755736167715,train
0.812069812018226,0.18793018798177397,0.011658899806867705,train
0.7677267592880568,0.23227324071194322,0.39822217020965417,train
0.718605095548446,0.281394904451554,0.44910841914306054,train
0.6183894126725471,0.3816105873274529,3.019871681683203,train
0.6517630990644759,0.34823690093552406,1.4912444470442576,train
0.8602026543292344,0.13979734567076563,0.010349045974107041,train
0.7530020068422852,0.24699799315771476,0.01770490319890085,train
0.7034622500258918,0.2965377499741082,0.01923840020033053,train
0.6626079551855596,0.3373920448144404,0.08487658961938235,train
0.6810846447112036,0.31891535528879644,0.22404347634022534,train
0.6576988807306777,0.3423011192693223,6.8518851371788525,train
0.7539741451693683,0.24602585483063166,0.014279694738278649,train
0.7379096634866926,0.2620903365133074,0.10886148214469431,train
0.6592253267461669,0.34077467325383315,0.06048907713573649,train
0.7305453061155417,0.2694546938844583,2.294747844428935,train
0.7303170596882435,0.26968294031175666,3.072462622998743,train
0.7963466849661115,0.2036533150338885,0.05813720103974808,train
0.6400357248724109,0.3599642751275891,5.622714806249644,train
0.7528158280120568,0.24718417198794318,0.0143268449937599,train
0.6308554452801202,0.36914455471987984,0.018127509878694787,train
0.8383914825807562,0.16160851741924376,0.010310162571547722,train
0.8089570504867277,0.19104294951327228,0.011811854650568322,train
0.7301246550026101,0.26987534499738985,0.01600891830544943,train
0.7919569412033445,0.20804305879665552,2.078530912490992,train
0.7028466857893959,0.2971533142106041,0.4281448739225308,train
0.7291667963394475,0.2708332036605525,0.015244954905140462,train
0.718854809551413,0.281145190448587,0.01861512638689953,train
0.6863139890058919,0.3136860109941081,4.422602181844723,train
0.7163392553927392,0.28366074460726076,0.015707115564274343,train
0.6731412635057875,0.3268587364942126,0.019528548379564234,train
0.7599901595319255,0.2400098404680745,0.01403155504655986,train
0.8681195934545941,0.1318804065454059,0.008670093835355728,train
0.7392700866419755,0.26072991335802453,0.018371082494110205,train
0.9224127891548798,0.07758721084512021,0.00536717191987142,train
0.6312523401524169,0.36874765984758306,0.249491982900709,train
0.7434996128921143,0.2565003871078858,0.025092791725595892,train
0.6548051407008216,0.34519485929917837,0.01756655848035458,train
0.7244218326807531,0.2755781673192469,1.6389421128218438,train
0.5929319840864061,0.4070680159135939,0.01882590581898677,train
0.7110402281828977,0.2889597718171023,0.4311497396138723,train
0.6000314036189701,0.3999685963810299,5.862087459115069,train
0.6087864730841441,0.39121352691585587,5.277393644757877,train
0.6637356259686653,0.3362643740313348,0.020472329204908223,train
0.6847425587809948,0.31525744121900523,1.2620521855507667,train
0.7704045288692231,0.22959547113077694,0.04148911586710968,train
0.8339318664926348,0.16606813350736516,0.01073624485111117,train
0.8846979293352715,0.11530207066472853,0.023526907324053457,train
0.6157921678693927,0.3842078321306073,0.01843290414508128,train
0.7758877589200233,0.22411224107997674,0.013349730417595466,train
0.6709233765786196,0.32907662342138044,0.02353946477260291,train
0.7956396092081818,0.20436039079181822,1.5461039353270751,train
0.7835219563446477,0.21647804365535228,0.041887768860274975,train
0.6962669873649564,0.3037330126350436,1.2634854316258428,train
0.7505752308504855,0.2494247691495145,0.04369751504779594,train
0.7740507350102005,0.2259492649897995,0.06682765609710617,train
0.6443425715949405,0.35565742840505954,0.09119601411342508,train
0.8191082473854997,0.1808917526145003,0.012992934646624562,train
0.8874422507682529,0.1125577492317471,0.09292428001999622,train
0.8677265668292261,0.1322734331707739,0.032989251297697766,train
0.8586085747198626,0.14139142528013737,0.018460918831200688,train
0.715497115989083,0.28450288401091695,1.661800666259944,train
0.7049800767042561,0.2950199232957439,0.04571964295208464,train
0.7788488750808518,0.22115112491914823,0.023415713492133196,train
0.7284050430152521,0.2715949569847479,0.015276306210452473,train
0.6644974459248195,0.3355025540751805,0.017313407210095038,train
0.7917193808807453,0.20828061911925466,0.012633464502782762,train
0.7184324677791454,0.2815675322208546,0.0156334335368792,train
0.7828562310684688,0.2171437689315312,0.03351725907680275,train
0.7023187557688467,0.2976812442311533,0.30206039959684167,train
0.6172656604590117,0.38273433954098834,0.01840465375052804,train
0.8854239423370124,0.11457605766298762,0.03237153284312796,train
0.7430385204363726,0.25696147956362736,0.05144952448502534,train
0.76838144630835,0.23161855369164996,1.791796546981731,train
0.7131221709456741,0.2868778290543259,0.01870292929608438,train
0.6505691658682057,0.3494308341317943,0.01825170662435466,train
0.7264155166489745,0.2735844833510255,0.015634128448886925,train
0.8373430816141411,0.16265691838585894,0.01637699002319453,train
0.8979525894111838,0.10204741058881617,0.04839253910054039,train
0.7115059840350011,0.2884940159649989,0.02634686450129458,train
0.8958095293800133,0.10419047061998665,0.0605231354497327,train
0.658867829786071,0.34113217021392905,3.5108206961133943,train
0.7813540040468172,0.2186459959531828,0.01310660248728968,train
0.7037066261282462,0.2962933738717539,0.03981106468335191,train
0.7275065326837021,0.27249346731629787,0.11071837248641746,train
0.7521827374440553,0.24781726255594472,0.014352529829309492,train
0.7663940533947707,0.23360594660522926,0.10178745196663377,train
0.7520420735190556,0.2479579264809444,0.05291483731414046,train
0.7809073003712482,0.21909269962875177,0.08803415793576291,train
0.689852720656034,0.310147279343966,0.021203017057872666,train
0.775790256201426,0.22420974379857395,0.09336878916258551,train
0.6665464403072755,0.3334535596927245,0.017257971652371033,train
0.6996251553995102,0.3003748446004898,0.016271053287973066,train
0.8651395411578892,0.13486045884211084,0.0121357725010717,train
0.6676099896771435,0.33239001032285653,3.8988805828638022,train
0.7133899342217669,0.2866100657782331,0.2841151732205948,train
0.8119894411291966,0.18801055887080342,0.05103529499950483,train
0.9153744386780951,0.08462556132190491,0.005817134210962877,train
0.8102944126684507,0.1897055873315493,0.11426580150655828,train
0.9041749906496716,0.09582500935032856,1.3573075261869494,train
0.705600340771809,0.2943996592281911,1.6064174195101328,train
0.7726553014477564,0.2273446985522436,0.013948984678786906,train
0.740709735619638,0.25929026438036196,0.032021517961900496,train
0.7422974107738434,0.25770258922615663,0.44092857065452484,train
0.7391175556439047,0.2608824443560953,0.014869028955621241,train
0.8592265695544832,0.14077343044551682,0.009221936734172695,train
0.7135965575969682,0.28640344240303184,0.021860660057278984,train
0.7921220349017459,0.20787796509825407,0.012614766521071158,train
0.7254724383427203,0.27452756165727965,1.8537660900856148,train
0.7699346087020664,0.23006539129793357,1.2462951021221698,train
0.6908596822581802,0.3091403177418198,5.324913480548566,train
0.7766099092953029,0.22339009070469706,0.14843538836269668,train
0.7183303194652019,0.28166968053479813,1.9939191421773619,train
0.864290712193416,0.13570928780658398,0.008888158276422826,train
0.8223972785765743,0.1776027214234257,0.015447913959489716,train
0.658858934254729,0.34114106574527103,0.017462503053048216,train
0.7833006101198524,0.21669938988014759,0.025713338435330357,train
0.6528915232437746,0.34710847675622536,0.017756193262815783,train
0.7381375208736416,0.2618624791263584,0.12662025452119707,train
0.7784467211603024,0.22155327883969755,0.016622040581221652,train
0.6404056862424224,0.35959431375757756,0.3454497414993821,train
0.8992232721414191,0.10077672785858094,0.04508348394447675,train
0.6620240267635324,0.33797597323646755,0.020775645840213127,train
0.8404819646130519,0.1595180353869481,0.09201323170091662,train
0.875940270929594,0.12405972907040597,0.0696586375194976,train
0.6063877710722032,0.3936122289277968,0.027950126256652243,train
0.8867832475528773,0.1132167524471227,0.007578734884650564,train
0.7570849973810777,0.2429150026189223,3.232983170458193,train
0.6336150483256527,0.36638495167434726,0.14834824615936645,train
0.8696158464096395,0.13038415359036049,0.013933812979957456,train
0.6845771575533989,0.3154228424466011,0.016741419282434163,train
0.8989989134224213,0.10100108657757867,0.006839214194457447,train
0.7417123346710562,0.25828766532894387,0.0157617445739678,train
0.8058709387582532,0.19412906124174678,0.013864759901857454,train
0.690054025378592,0.30994597462140805,0.022199797186286403,train
0.6789438648626221,0.32105613513737785,3.781249170739,train
0.8348354219894801,0.16516457801051987,0.10366607408735702,train
0.6963385798406815,0.3036614201593185,0.1271633863229732,train
0.8971018806713775,0.10289811932862247,0.06394619046062386,train
0.7176511628401898,0.2823488371598102,0.23679163737194217,train
0.5816492494922763,0.41835075050772375,0.07359565525649688,train
0.6834796412792751,0.3165203587207249,0.016774331550902716,train
0.6664076014977133,0.3335923985022867,0.023755766499332004,train
0.778294274461622,0.22170572553837797,0.12617272579297129,train
0.7653761422493106,0.2346238577506894,1.7565030042478247,train
0.7694535045985365,0.23054649540146355,0.013630230589737969,train
0.6647527323835499,0.3352472676164501,1.780513830581064,train
0.6290371770451183,0.3709628229548817,0.021718215902456216,train
0.7882334934343223,0.21176650656567775,1.6910106659762383,train
0.5905682983073076,0.4094317016926924,3.604237832233894,train
0.5950386585357095,0.4049613414642905,1.2397421218706872,train
0.8500094948344469,0.14999050516555312,0.09557867990373668,train
0.8025391459303399,0.19746085406966007,0.014393075690431842,train
0.6230213217903336,0.37697867820966635,2.8217326568890484,train
0.7729376608113185,0.22706233918868146,1.0634702708962198,train
0.6318466838598114,0.36815331614018865,0.021517329829752643,train
0.7706664373688397,0.22933356263116034,0.13326302946419996,train
0.683431194336775,0.316568805663225,4.33230040175271,train
0.7989048116089595,0.20109518839104046,0.026868554777655096,train
0.8626048914702716,0.13739510852972836,0.019625072655086367,train
0.8271602089229987,0.17283979107700131,0.010897697466332163,train
0.7086679023043734,0.2913320976956266,0.31095685133216844,train
0.6881888454050891,0.31181115459491093,0.017308824414276544,train
0.8201150852958424,0.17988491470415757,0.01440331024166402,train
0.8950704128041606,0.10492958719583945,0.010021614975063679,train
0.7270534819690329,0.27294651803096714,0.016639720797756604,train
0.7374528959962247,0.26254710400377534,0.01493297216941875,train
0.6034410635253082,0.39655893647469176,0.018655819804618404,train
0.8698864363177892,0.13011356368221083,0.03633855443082694,train
0.8247780094364834,0.17522199056351662,0.05213082067188236,train
0.7457509166267087,0.25424908337329144,0.097402708370897,train
0.6305021570745836,0.36949784292541643,0.027914725391414336,train
0.8133987337041592,0.18660126629584084,0.012401640093226942,train
0.626613993805834,0.37338600619416595,0.01821721838307921,train
0.6678308780595464,0.33216912194045356,0.7085096989274028,train
0.6906394877573395,0.3093605122426605,2.740759861217175,train
0.7725764519660983,0.22742354803390175,0.01997484057119638,train
0.6490177463432127,0.35098225365678726,0.017710555695248976,train
0.731782288757981,0.268217711242019,3.447800566314832,train
0.6416895938093545,0.35831040619064547,0.017885178893376225,train
0.7661912808029115,0.23380871919708845,0.042007550663663795,train
0.798340509878496,0.20165949012150397,0.10258240593208122,train
0.8530493565244475,0.14695064347555253,0.01598215071185779,train
0.8802288261397164,0.11977117386028358,0.026453941307050487,train
0.64542478259953,0.35457521740047004,0.017797250726048645,train
0.6798113827623063,0.32018861723769365,0.023183999196295477,train
0.7690991634665519,0.23090083653344806,1.7008996442787072,train
0.7227104438588308,0.27728955614116935,0.019078919226488873,train
0.7864142569474812,0.21358574305251876,0.0699829234474853,train
0.8442761145128849,0.15572388548711513,0.029449598352831452,train
0.7791493114224427,0.2208506885775573,0.01320519521821272,train
0.7043353584671175,0.2956646415328825,0.034620760881270286,train
0.6723773671992397,0.3276226328007604,0.29148735307815204,train
0.7156984353240629,0.28430156467593715,0.017607374012972837,train
0.6449734216053181,0.3550265783946819,7.843165592767458,train
0.8741677678584515,0.12583223214154848,0.06660373643946357,train
0.6966084029226083,0.3033915970773917,0.016368197631198633,train
0.7931748558270858,0.2068251441729142,2.575805482874833,train
0.7044514640990197,0.2955485359009804,0.6246259819242487,train
0.6439174210970385,0.35608257890296147,0.04064991280487606,train
0.8921689432467839,0.10783105675321614,1.252094961715304,train
0.7968174873604953,0.2031825126395047,0.01741385062299938,train
0.7790614826847738,0.22093851731522618,0.017625223121956274,train
0.7563120419191036,0.24368795808089638,0.014183912138008103,train
0.9009951564440973,0.09900484355590267,0.01300927455195447,train
0.659735435775212,0.3402645642247881,0.021334954739101155,train
0.9064390537455138,0.09356094625448619,0.09242248166623916,train
0.8662084595040536,0.13379154049594644,0.008779187680937934,train
0.8678121274344442,0.13218787256555575,0.010022646660510568,train
0.7963905098221012,0.20360949017789876,0.016667363281051426,train
0.8060840504630409,0.19391594953695912,0.09315800516331703,train
0.7612658349958382,0.23873416500416178,0.051607290082779735,train
0.7429135432147278,0.2570864567852722,1.3927465757221273,train
0.8297304754899919,0.1702695245100081,0.06379989303415694,train
0.6822394944879454,0.3177605055120546,0.14933661914519836,train
0.6042678368218427,0.3957321631781573,0.026089144467148714,train
0.9046113094829109,0.09538869051708909,0.006492852603184157,train
0.8997500448875848,0.10024995511241519,0.042301771457210924,train
0.5785869539491046,0.42141304605089536,6.006530249390379,train
0.6288737488674846,0.3711262511325154,1.5579290795564873,train
0.7343027936955967,0.2656972063044033,0.020918355464776855,train
0.7335036980204234,0.26649630197957663,0.015082975990523577,train
0.7456188707630304,0.25438112923696965,0.02088676398337763,train
0.6165543422748193,0.3834456577251807,0.30236249748439464,train
0.8000476609918961,0.19995233900810394,0.03724682239719793,train
0.7429697537358438,0.25703024626415616,0.27237205541870485,train
0.7083586215274763,0.2916413784725237,0.022304610048290385,train
0.6984862370530014,0.3015137629469986,0.24130350035187395,train
0.7748086203633758,0.22519137963662417,0.01896098455481946,train
0.7381539264643362,0.2618460735356638,0.021103920542680284,train
0.7265933658117097,0.27340663418829025,0.015339705191066885,train
0.5846153669765493,0.41538463302345063,0.020206961342463928,train
0.74980846746315,0.25019153253685,0.02158936610680971,train
0.7688128016713848,0.23118719832861523,2.385134311346208,train
0.7165121031826265,0.2834878968173735,0.015701056925972613,train
0.7338669669027233,0.26613303309727665,0.06851239818120931,train
0.768873818115217,0.23112618188478296,0.013655199160718404,train
0.6735610064893909,0.3264389935106091,0.021059384921874442,train
0.8993862346720839,0.1006137653279161,0.05388836715661851,train
0.6055734625542673,0.39442653744573264,0.02760287153019806,train
0.7823421232520705,0.21765787674792947,0.014007274978957976,train
0.6689393462993929,0.3310606537006071,2.9539989137956923,train
0.8686182551046738,0.13138174489532617,0.008641546754971913,train
0.7744119937350074,0.22558800626499265,1.6922361383048978,train
0.8817467981313526,0.1182532018686474,0.023449683492526532,train
0.7618087067000431,0.23819129329995692,0.029836215726686054,train
0.690904018805197,0.30909598119480297,0.5428181230145387,train
0.8096552730457701,0.19034472695422988,0.01177766689088224,train
0.5846153669765493,0.41538463302345063,20.997008708480845,train
0.5937911420757739,0.4062088579242261,0.051224288189039124,train
0.7361705004110322,0.26382949958896784,0.014981943274998346,train
0.6280537851389254,0.3719462148610746,3.2614498213502894,train
0.7516198942673498,0.24838010573265024,0.060636148718402096,train
0.7990361025746979,0.20096389742530207,1.3135201404205967,train
0.653015866111701,0.34698413388829896,0.017611650669135108,train
0.7035794741118745,0.2964205258881255,0.09309222736080704,train
0.6689198891889931,0.33108011081100697,0.02660839823961585,train
0.7752003272440984,0.22479967275590163,0.014543288169700628,train
0.7789065674269985,0.2210934325730015,0.01321600666292642,train
0.5459804308164061,0.4540195691835939,4.12878989877137,train
0.6571884464712433,0.3428115535287567,0.1506205298306549,train
0.8090910622358658,0.1909089377641342,0.011805298354904962,train
0.7874828237195965,0.21251717628040345,0.020622814841337878,train
0.5601580815054883,0.4398419184945117,0.06474279558428155,train
0.7321731361647622,0.2678268638352378,0.5694804821035715,train
0.7931748558270858,0.2068251441729142,2.498156815220001,train
0.6925130460566786,0.3074869539433214,4.59652087894958,train
0.7647646329999469,0.2352353670000531,0.18928023061735527,train
0.702976023168516,0.29702397683148396,1.1328942226393028,train
0.7996008184463703,0.20039918155362968,0.025995277002053237,train
0.5026160593774577,0.4973839406225423,0.3441841292485459,train
0.7190636443054366,0.28093635569456343,0.037972220578674526,train
0.7353247477978093,0.2646752522021908,0.06992453704612056,train
0.5631093386154137,0.4368906613845863,0.030227688800940178,train
0.8211963414168537,0.17880365858314629,0.052970298812873566,train
0.7593563045699089,0.24064369543009112,0.014057956057898124,train
0.7007576900895367,0.2992423099104633,0.021412218247327298,train
0.7809855280234889,0.21901447197651114,0.013123130564545685,train
0.8687767448470266,0.1312232551529734,0.011810909229488473,train
0.8844780846881856,0.11552191531181444,0.07224644444564127,train
0.8651822485110081,0.1348177514889919,0.008837561693008034,train
0.7453406151147031,0.25465938488529705,0.014626248361641577,train
0.5804097569342564,0.41959024306574355,0.24172255996938813,train
0.7135865075152267,0.2864134924847733,1.979025171920825,train
0.6936184382971285,0.30638156170287145,1.4755197977062653,train
0.8000153543239178,0.1999846456760822,0.03879805497374311,train
0.8460827665925077,0.1539172334074923,0.01551993986457854,train
0.6842011794429732,0.3157988205570268,0.019070032691680755,train
0.819809317069799,0.18019068293020102,0.011272561840925746,train
0.6650213068818827,0.33497869311811734,0.017299297753294352,train
0.6783866450535485,0.3216133549464515,0.22512596145416047,train
0.8582196570067517,0.14178034299324827,0.011750361500027461,train
0.6802867583719836,0.3197132416280164,2.100822335664729,train
0.7532642713278728,0.24673572867212723,1.46899603619346,train
0.6806297480590621,0.31937025194093793,0.01685890627013008,train
0.8830312574196647,0.1169687425803353,0.008401290841850829,train
0.9001251179947716,0.09987488200522843,0.050407227316716346,train
0.7341123602242234,0.26588763977577656,0.10426666898080493,train
0.7675850041501106,0.23241499584988945,0.013917089386508678,train
0.7646695937513237,0.2353304062486763,1.368359747057705,train
0.6648961766405562,0.3351038233594438,3.1870713639549093,train
0.5929269848047288,0.40707301519527117,0.019204126736888615,train
0.8508351231548464,0.14916487684515356,0.017528456298821743,train
0.8133179860085661,0.18668201399143391,0.011597175214663934,train
0.6265255742632904,0.37347442573670964,8.944096423557385,train
0.7769310900157399,0.2230689099842601,0.015575253298386443,train
0.8881126863826189,0.11188731361738113,0.007499212275720446,train
0.5967129220051913,0.4032870779948087,0.050420441546638516,train
0.7300731633313509,0.26992683666864925,0.04113083812419359,train
0.7198253649603341,0.2801746350396659,0.019663472668832917,train
0.7731119342425312,0.22688806575746878,0.18762619369942476,train
0.6730968830319022,0.32690311696809793,0.029713913272717867,train
0.8217186533342151,0.17828134666578488,0.011175933830807696,train
0.6358575384768318,0.3641424615231682,0.02098687881712086,train
0.725846749956869,0.27415325004313096,3.3046185204932845,train
0.7242948385809687,0.27570516141903145,0.3897559486045793,train
0.8989989134224213,0.10100108657757867,0.006839214194457447,train
0.5887302593431526,0.4112697406568474,2.2102024166579475,train
0.7426053923774274,0.2573946076225726,0.04519508278411233,train
0.6670957617353254,0.33290423826467463,0.25184555566256356,train
0.6770723364826048,0.3229276635173952,0.31395999036901723,train
0.8018492053102994,0.19815079468970054,1.3862061531479346,train
0.8998042038157164,0.10019579618428365,0.03352623966188978,train
0.8250473960336361,0.17495260396636392,0.0178518377978738,train
0.7866254257371758,0.21337457426282436,0.01286795833184118,train
0.6793610300646202,0.32063896993537977,0.01689614459299604,train
0.6968145283591236,0.3031854716408764,5.227643696322415,train
0.6933850301487724,0.3066149698512276,3.53324077755095,train
0.8469160560402348,0.1530839439597652,0.009852393091451807,train
0.876249716320384,0.12375028367961605,0.043602763089485,train
0.6650213068818827,0.33497869311811734,0.021668884224152904,train
0.5549845721135,0.44501542788649995,18.894228786348204,train
0.7768655494328937,0.22313445056710635,0.021419170413052302,train
0.5572848036785519,0.44271519632144807,0.019268019701450617,train
0.7626019019921908,0.2373980980078093,0.01392558146038007,train
0.7108875149913884,0.28911248500861164,0.27505378909770983,train
0.7171087214832179,0.2828912785167821,0.051191570753471624,train
0.8230976930085109,0.176902306991489,0.04439807860359863,train
0.7922579564708178,0.20774204352918224,0.05914384366045261,train
0.6843685538163797,0.31563144618362027,0.02983556825952995,train
0.7243985811070003,0.2756014188929998,0.015419709493505107,train
0.8399629333125098,0.16003706668749018,0.06091191152274634,train
0.6661766695562221,0.3338233304437779,2.0394450950535807,train
0.6219934190861068,0.37800658091389316,0.05712685663045791,train
0.7492387371875016,0.25076126281249844,0.041476826738249345,train
0.777212725095536,0.22278727490446404,0.01329120489997252,train
0.7775215336181914,0.22247846638180846,0.013277527011238322,train
0.7624510562329474,0.2375489437670526,0.01824073409955176,train
0.5725267736125329,0.4274732263874671,12.227863647365476,train
0.6653467519317566,0.33465324806824337,0.05984278643178755,train
0.8055138697816984,0.19448613021830163,0.17470374134920041,train
0.7209441612661956,0.27905583873380435,0.03212721348298232,train
0.7039053699146134,0.2960946300853866,0.21767888797707574,train
0.8087729527933732,0.19122704720662675,0.011820857090164423,train
0.8158968447241456,0.1841031552758544,0.011468936755826723,train
0.7407726237649714,0.25922737623502856,1.749171956692067,train
0.6560747560075499,0.34392524399245006,0.021823922195000893,train
0.7115600341959322,0.28843996580406783,1.4374898407114551,train
0.6944537270155379,0.30554627298446224,0.018348017692995742,train
0.6760566015551724,0.32394339844482756,2.86876378672196,train
0.6600216093476533,0.3399783906523468,0.05731171821352997,train
0.8424608121516237,0.15753918784837628,0.03173727868467853,train
0.8159113125985916,0.18408868740140838,0.0775055607427691,train
0.7891952214218385,0.2108047785781615,0.0209893424923288,train
0.6075392280953282,0.39246077190467177,0.0652538253093935,train
0.5984978479370424,0.4015021520629576,15.602068414606615,train
0.8913480811807323,0.10865191881926772,0.008803447023955847,train
0.7043840875808962,0.2956159124191038,0.4236151386611944,train
0.8709142173667067,0.1290857826332933,1.3726567515328183,train
0.6873405029532742,0.3126594970467258,2.138328889943293,train
0.6204022127035603,0.37959778729643967,0.023468629141944492,train
0.7181625476893055,0.28183745231069446,0.03458657352117157,train
0.6986411552356724,0.3013588447643276,3.167167923239668,train
0.6651625966233969,0.33483740337660306,3.9170364274352663,train
0.615003873451813,0.38499612654818705,0.036478627856105776,train
0.6360402030174725,0.36395979698252745,9.927074464801601,train
0.774105626366245,0.22589437363375497,0.013428038671729885,train
0.9081065452482203,0.09189345475177968,0.026633139740818004,train
0.8353839879345558,0.16461601206544418,0.040386436868113884,train
0.6982758835911075,0.3017241164088925,4.133446759234064,train
0.7981474667761309,0.2018525332238691,0.014472503506494629,train
0.8860944616895833,0.11390553831041672,0.007619843108550294,train
0.6633932886783979,0.33660671132160214,6.47110827595092,train
0.642979449954161,0.357020550045839,0.13394507386679497,train
0.8076981489505451,0.19230185104945485,0.08082220029640472,train
0.6867195080452732,0.31328049195472685,0.01667662742967837,train
0.8782109809485819,0.12178901905141815,0.03451710388652699,train
0.6204149442621938,0.3795850557378062,0.07759199066393947,train
0.8844513338370679,0.11554866616293213,0.1486356470093782,train
0.7219023128024543,0.2780976871975457,3.870993374441921,train
0.7670948289950263,0.23290517100497354,1.3728908809909628,train
0.7686026961215187,0.23139730387848134,0.07451738059471501,train
0.5913382084040664,0.40866179159593363,0.37315643200253507,train
0.8090271596011529,0.1909728403988471,0.012697055152672327,train
0.7910533064298025,0.20894669357019746,0.012664342758215826,train
0.8698819567132894,0.13011804328671062,0.010457068422952156,train
0.791963815490248,0.20803618450975203,0.012622116563068508,train
0.8854492880603627,0.11455071193963728,0.0076582910390423815,train
0.6651195835226982,0.3348804164773018,0.017296645941845417,train
0.759489312060089,0.24051068793991104,0.059792095222169245,train
0.8180612750985866,0.18193872490141338,0.06985535261133714,train
0.8716682504297574,0.12833174957024263,0.008466206924874386,train
0.8325376574651574,0.1674623425348426,0.010618611565003544,train
0.8175778898602079,0.18242211013979215,2.136341347576163,train
0.7979046568419915,0.20209534315800848,0.012343625136351045,train
0.868987929609387,0.13101207039061302,0.02840559983649104,train
0.6717898945545828,0.3282101054454172,0.7144868780848255,train
0.7724506088717811,0.22754939112821893,0.016352102549836597,train
0.7405137504222752,0.2594862495777248,0.021832130697874114,train
0.6505050858615503,0.3494949141384498,0.029870089739873783,train
0.9096074860611421,0.09039251393885794,0.006738223851226896,train
0.6475060259994481,0.35249397400055194,0.018775200097193905,train
0.7403229400545908,0.25967705994540924,2.0791725344446625,train
0.6681440128201674,0.33185598717983267,0.07542296527316387,train
0.5481467349057527,0.4518532650942473,0.026098738136280962,train
0.8204433144556041,0.17955668554439586,0.2685254960334382,train
0.6824861944954951,0.3175138055045049,0.02425304670425367,train
0.6855659712160082,0.31443402878399185,0.0394992784366008,train
0.8825696513697966,0.11743034863020341,0.007829219376424883,train
0.6515354635687057,0.34846453643129427,0.17041854726507638,train
0.8310504586556,0.1689495413444,0.031003489762601814,train
0.800920533239811,0.19907946676018895,1.4453413444386418,train
0.9237733594829941,0.0762266405170059,0.00527945858896352,train
0.6200532867116918,0.3799467132883082,0.020143176971637245,train
0.6711933991425328,0.32880660085746716,0.096759800951871,train
0.899844241905152,0.100155758094848,0.009547071868112059,train
0.7837675250498615,0.21623247495013853,0.012997847709756311,train
0.83896521064151,0.16103478935849003,0.013094784842810035,train
0.7862625218571561,0.21373747814284394,0.0250526346030627,train
0.6221162378475201,0.3778837621524799,9.966353134357982,train
0.7786391619808277,0.22136083801917228,0.013227906393215687,train
0.7854057615787925,0.2145942384212075,0.015936414262459453,train
0.7315970293805154,0.2684029706194846,0.020013789566328963,train
0.753536134270958,0.246463865729042,0.1879914141467258,train
0.6054050355334951,0.3945949644665049,0.02625801926058593,train
0.8597284266768785,0.14027157332312146,0.01846078529877228,train
0.6886188450765124,0.3113811549234876,0.5149174244116431,train
0.6684749639034503,0.3315250360965497,0.019964429940163633,train
0.7294163372838838,0.2705836627161162,1.4458625198235435,train
0.7502529177272261,0.24974708227277376,0.014430449875805398,train
0.7659740688888472,0.23402593111115277,0.026178293584777752,train
0.7462397999618628,0.25376020003813715,0.02332930559867121,train
0.5862529647749393,0.41374703522506073,0.01892461869573835,train
0.6996527617679669,0.30034723823203324,2.7170462016254455,train
0.903409047028691,0.09659095297130904,0.019691871441760007,train
0.6741477239305649,0.32585227606943523,0.024945986002632554,train
0.8309431599162828,0.16905684008371724,1.185782284190343,train
0.7047387783555698,0.29526122164443025,2.511988286896398,train
0.6741793439536907,0.3258206560463093,0.04982903868578675,train
0.6030095156588748,0.39699048434112516,0.2871638981162228,train
0.7772879335129624,0.22271206648703756,1.1004748761615402,train
0.7408555513571871,0.25914444864281294,0.018783349576740258,train
0.894053384051877,0.10594661594812305,0.007140989480415131,train
0.6797559292786228,0.32024407072137717,0.02305529554323237,train
0.6953816957141732,0.3046183042858268,4.855474185657496,train
0.593027448689323,0.406972551310677,0.03456597490544744,train
0.7353130776399387,0.2646869223600613,3.0214882602283715,train
0.6513090313168654,0.34869096868313465,0.06514041662230305,train
0.7693148772680264,0.23068512273197372,0.01623860577312155,train
0.7795154151867336,0.22048458481326627,0.10532069457252694,train
0.553190991215288,0.44680900878471197,0.043954374719144165,train
0.7707965336540396,0.22920346634596045,0.013572190373694488,train
0.7803588988400844,0.21964110115991564,0.03239484759423855,train
0.7889906569843783,0.2110093430156217,0.1225984226502053,train
0.7910445971893215,0.20895540281067848,0.2241311943091794,train
0.776701575906092,0.223298424093908,0.018464666226625664,train
0.6870388427394383,0.31296115726056173,4.688728829171422,train
0.7476224776854317,0.25237752231456834,0.044236433058377475,train
0.7298378014461655,0.2701621985538345,1.9979701106353311,train
0.6473366477657544,0.3526633522342456,2.055904260207438,train
0.8263853815194796,0.1736146184805204,0.012771080126858568,train
0.5765098288021429,0.42349017119785715,0.02015008632991171,train
0.8345841906275966,0.1654158093724034,0.013365785090979394,train
0.770844085054682,0.22915591494531795,0.16849863321572373,train
0.6699790762215732,0.33002092377842684,3.95713423416585,train
0.9037558653030452,0.09624413469695481,0.00993848360782866,train
0.6886188450765124,0.3113811549234876,0.04740270351169535,train
0.6671159345261182,0.33288406547388194,0.295695808094685,train
0.7962991018225573,0.20370089817744275,1.3284616761368861,train
0.7827384702842898,0.21726152971571022,0.01751603201514272,train
0.664718487208621,0.33528151279137897,0.09587802879170727,train
0.8922431668975628,0.10775683310243722,0.12594344988323133,train
0.6482389216432859,0.3517610783567141,0.024832483642933872,train
0.6970508089398431,0.30294919106015694,1.4117926217885777,train
0.791470504620537,0.20852949537946297,2.683238423752604,train
0.7962446639870675,0.2037553360129325,0.013911506918899174,train
0.7710380515412898,0.2289619484587102,0.013561724441013044,train
0.752866290786197,0.24713370921380295,0.014324795085653683,train
0.8914230087786813,0.1085769912213187,0.046435472034217294,train
0.7618833049013434,0.23811669509865663,0.07100788102552161,train
0.7868386217160771,0.2131613782839229,1.1036737065923996,train
0.7191571196068193,0.2808428803931807,0.030777407646044305,train
0.7725189728839023,0.22748102711609774,0.039389182594192954,train
0.6742548197102266,0.3257451802897734,1.6043085900244745,train
0.8046137804114937,0.19538621958850633,0.014004298747905923,train
0.6186751452986843,0.3813248547013157,0.39402468294302945,train
0.6109337107145733,0.38906628928542675,0.3007404444518681,train
0.5766848245591858,0.4233151754408142,25.340436497263195,train
0.6242285786914291,0.3757714213085709,0.2561204322588352,train
0.5793755412389511,0.42062445876104904,1.5789547540700066,train
0.8913964684567357,0.1086035315432643,0.007301779673520229,train
0.7753169931903195,0.22468300680968056,0.07529579638625125,train
0.5715716783608111,0.42842832163918887,0.09895770837794521,train
0.860424733803923,0.13957526619607696,0.009470310363277844,train
0.7192435228481265,0.28075647715187346,0.14040454221326534,train
0.788181991309591,0.211818008690409,2.2667452364941263,train
0.7154831626251992,0.28451683737480093,0.01573705501957972,train
0.7161207493866724,0.28387925061332764,0.015714767988849982,train
0.7279245499192762,0.27207545008072376,0.018348208825330243,train
0.716743532753752,0.283256467246248,1.8005810873945456,train
0.6047675644050905,0.3952324355949095,2.6232849813966674,train
0.9037171198750462,0.09628288012495378,0.0065483125507595375,train
0.6284155505253618,0.3715844494746382,2.0670437347580393,train
0.7214011068839867,0.27859889311601327,0.2046326988433954,train
0.6416590869257035,0.3583409130742965,3.0679372615672507,train
0.8747803386021299,0.1252196613978701,0.00999288740150014,train
0.7289355307124739,0.27106446928752603,3.3347376016121,train
0.6762143741768755,0.32378562582312453,0.021814918744256614,train
0.6563016896007384,0.3436983103992616,0.017528449984688884,train
0.7928993116367457,0.20710068836325435,0.08162397997487082,train
0.6834299305623551,0.3165700694376449,0.016775817775469812,train
0.6856305579958818,0.3143694420041182,0.018933438640953173,train
0.7455300235381748,0.2544699764618251,0.17562065206345645,train
0.7663383874385397,0.23366161256146034,0.01376381702133183,train
0.5456481432307558,0.45435185676924417,45.47149957498536,train
0.6468377269178585,0.35316227308214154,0.23221848629406822,train
0.8878397088763517,0.11216029112364834,1.5202801841286295,train
0.6030278436577657,0.39697215634223426,6.242154405312804,train
0.6169819341643817,0.38301806583561826,0.01841012087502433,train
0.6647138112395126,0.33528618876048744,2.2218443933863874,train
0.7884356521637659,0.21156434783623412,0.02958540326712874,train
0.7574526181141996,0.24254738188580038,1.3940125024342087,train
0.7826703466090777,0.21732965339092225,0.01304739384489244,train
0.7271179771797769,0.2728820228202231,0.018145540018198777,train
0.7948759430514606,0.2051240569485394,1.7163812676725954,train
0.7130302082767391,0.28696979172326087,0.041494157481183076,train
0.5965525567770043,0.40344744322299575,5.471194108116112,train
0.7918242543079773,0.20817574569202268,0.012628596798752476,train
0.8215160703313117,0.1784839296686883,0.09636490739380289,train
0.7765781826423,0.22342181735769995,0.018473557755918323,train
0.7236304308254017,0.2763695691745983,0.020346270789833188,train
0.6373844612877465,0.3626155387122535,0.032205387253032514,train
0.9271307071842366,0.07286929281576338,0.005062007234220076,train
0.7643118915397135,0.23568810846028665,0.0138499410934386,train
0.7035794741118745,0.2964205258881255,0.03816843876977701,train
0.6964035972237622,0.3035964027762378,0.02150137046792334,train
0.7091066321473273,0.29089336785267284,0.015956480362250402,train
0.6072992847686466,0.3927007152313534,0.038146071188734094,train
0.6951927427599947,0.30480725724000535,0.01641329287654951,train
0.7828121319163949,0.21718786808360513,0.013041001128841776,train
0.7481172220335953,0.2518827779664047,0.014516025571097008,train
0.7047262019071312,0.2952737980928688,1.8355657013287163,train
0.6634456210992339,0.3365543789007661,0.065505681747471,train
0.7929562897079973,0.20704371029200275,0.012575950820744206,train
0.7543234514886288,0.24567654851137122,0.09472419360531684,train
0.7609065069690838,0.2390934930309162,0.0435267712581588,train
0.7959303181748043,0.2040696818251957,0.09795319027734511,train
0.7570573727559763,0.2429426272440237,0.3883794155185343,train
0.7100882374199954,0.2899117625800046,0.015923113096705948,train
0.7535855019862675,0.24641449801373239,0.014295537359312188,train
0.6731740747354074,0.32682592526459264,0.13738933812004508,train
0.7853876782637824,0.21461232173621758,0.018943762968358653,train
0.8535168931952568,0.1464831068047432,1.7528240289285366,train
0.7446918801309758,0.25530811986902424,0.1712902347229807,train
0.9014769272462231,0.09852307275377692,0.037992165232211335,train
0.701889183479425,0.29811081652057503,3.9482220777322103,train
0.6618255521344174,0.3381744478655826,1.9896471015749855,train
0.8071669094230104,0.1928330905769896,0.16153230434362398,train
0.7877235219040131,0.21227647809598693,0.013528119320349809,train
0.6230398144089019,0.3769601855910981,1.8299615737912402,train
0.6832404756344868,0.31675952436551325,0.04645855390665978,train
0.7649760219315701,0.2350239780684299,2.1522330694284637,train
0.7543006299282959,0.24569937007170417,0.015191142634165187,train
0.6052242292930176,0.39477577070698244,0.01978431986217624,train
0.6153499325323143,0.3846500674676857,0.21343741576890762,train
0.6846874087916003,0.3153125912083997,0.02397262828327095,train
0.6243999598619293,0.3756000401380707,0.3434462969885632,train
0.7118762133117437,0.28812378668825633,0.05298841716337213,train
0.7290906320221512,0.2709093679778488,0.015247773785007109,train
0.7771056601458534,0.22289433985414664,0.01908182899073411,train
0.7666719463213509,0.23332805367864895,0.017042741997889514,train
0.6120414638218232,0.38795853617817677,0.1099627645933049,train
0.6892901197024441,0.31070988029755586,3.1562895544079206,train
0.877666291867039,0.12233370813296096,0.011083112031185435,train
0.6904701513578904,0.30952984864210964,0.2679645331198685,train
0.7435696278378982,0.25643037216210185,0.014695939776636044,train
0.9002261971773436,0.09977380282265635,0.006763826836824358,train
0.7493490041142274,0.25065099588577255,0.014466753308483935,train
0.6276011780820997,0.3723988219179003,0.27964659972796235,train
0.6967724809619857,0.30322751903801426,2.667675420488426,train
0.672520705234057,0.32747929476594295,0.02638892848318596,train
0.7871146713177822,0.21288532868221777,0.01692523931388461,train
0.7496670609904682,0.2503329390095318,0.05046146343357122,train
0.6330432385028256,0.3669567614971744,2.037828995102663,train
0.7932096048685349,0.20679039513146513,0.012564144567522093,train
0.6852201743449178,0.3147798256550822,0.021929477535428316,train
0.7522759208716016,0.24772407912839844,2.6936599910318786,train
0.7811302247228347,0.21886977527716533,0.3199337093768445,train
0.6798278076435288,0.3201721923564713,0.016882473722775525,train
0.6600911819693523,0.33990881803064765,0.08707932640143472,train
0.6700104151545555,0.3299895848454445,4.649584851769729,train
0.8972552222753926,0.10274477772460744,0.0069913524546197335,train
0.8024466198559678,0.19755338014403223,0.021282667953750285,train
0.7664659273837656,0.23353407261623438,0.013758376151982108,train
0.8014858215097816,0.19851417849021835,0.015258805491187084,train
0.9277691094685618,0.07223089053143816,0.02161585319784896,train
0.8046821195880647,0.19531788041193532,0.014998456304406257,train
0.7803646402736051,0.21963535972639492,0.16642612364611675,train
0.6056420748383529,0.39435792516164714,14.93752015721869,train
0.7253232304064435,0.27467676959355636,0.05387412056063879,train
0.7071716468936114,0.29282835310638855,0.028603197136797102,train
0.657467971973023,0.342532028026977,1.7116640939118493,train
0.6389737260577163,0.3610262739422837,6.136784207257134,train
0.6831520150015511,0.3168479849984489,0.021097708125184758,train
0.7603995844935266,0.23960041550647337,0.05460840988746537,train
0.7724949853238194,0.22750501467618056,0.014621651867023761,train
0.7510413067196402,0.2489586932803598,0.015507891532759428,train
0.8798978745447323,0.12010212545526766,0.04224703651107604,train
0.9069626366753215,0.09303736332467849,0.006346519165305626,train
0.6620402303393214,0.33795976966067864,0.022485902866939703,train
0.67799474803574,0.32200525196426,0.016935961902872505,train
0.5634947962289536,0.4365052037710464,0.023192603460237503,train
0.7229150829432354,0.27708491705676463,0.015473365796793068,train
0.6156158636582487,0.3843841363417513,0.11715662804642543,train
0.7960621651447417,0.2039378348552583,0.016776729356113806,train
0.6119475125299354,0.3880524874700646,0.15084148159799496,train
0.7144781919501415,0.2855218080498585,0.3002867725112703,train
0.5885117646930156,0.4114882353069844,0.018892051963403347,train
0.8735393731606096,0.1264606268393904,0.09468169429406136,train
0.8849682673059768,0.11503173269402323,0.008074999816143789,train
0.7618477921911309,0.23815220780886914,0.2662236256547601,train
0.7110402281828977,0.2889597718171023,0.015890609461481006,train
0.7122784944622387,0.2877215055377613,0.0612267231601131,train
0.6116905051842079,0.38830949481579213,8.67752842486406,train
0.669756075509409,0.33024392449059103,0.031784448174022255,train
0.7664646257647558,0.23353537423524418,0.013758431691487974,train
0.6836281681690526,0.3163718318309474,0.025862988636123317,train
0.8817895999256322,0.11821040007436778,0.007875330283831496,train
0.5843991537345568,0.41560084626544325,0.021204704267233226,train
0.771807870948112,0.22819212905188802,0.014374679475313748,train
0.7791294541819661,0.2208705458180339,0.014738313433318462,train
0.7787668143060585,0.22123318569394146,0.05915873187220268,train
0.7826453235048402,0.21735467649515983,0.06198809878608858,train
0.7015303976523765,0.29846960234762354,1.3552886862313585,train
0.7872913594631993,0.21270864053680072,1.4065846790348697,train
0.7927946422458707,0.2072053577541293,0.012583479812435662,train
0.7146553684824468,0.2853446315175532,0.04605373494157202,train
0.8637762795018276,0.13622372049817244,0.06907350833621669,train
0.8608075268245539,0.13919247317544614,0.012764725469605005,train
0.8842047926057485,0.11579520739425153,0.014973134876733822,train
0.6655124008919945,0.3344875991080055,5.653068452664858,train
0.7479652707148934,0.2520347292851066,0.01753176917391916,train
0.6215822418378332,0.37841775816216683,5.033044475064169,train
0.7872024896006611,0.21279751039933892,0.012841585337292268,train
0.7678690703232298,0.23213092967677018,0.01629720192163038,train
0.6696353295863583,0.3303646704136417,2.7373187432770325,train
0.6395384925361507,0.3604615074638493,0.04462827927247805,train
0.6213391593708154,0.3786608406291846,0.01832472118920963,train
0.8219698364178756,0.17803016358212442,0.08645356394566603,train
0.7286265515187034,0.27137344848129663,0.034959653705493324,train
0.5818389761265714,0.4181610238734286,0.022488266499305982,train
0.802661229558793,0.19733877044120696,0.0329863067340111,train
0.664490004438935,0.335509995561065,0.09423698938763464,train
0.8012728885611583,0.1987271114388417,0.01218344506278937,train
0.6649228034506486,0.3350771965493514,0.16537099959466608,train
0.6215822418378332,0.37841775816216683,0.018319866183201628,train
0.7482411107115409,0.25175888928845913,0.07356701879477828,train
0.825270873413977,0.17472912658602313,0.1542084783641293,train
0.6850308340638583,0.31496916593614166,3.8717365504417387,train
0.6481311889624618,0.3518688110375382,0.01773214009322299,train
0.6627258458593931,0.3372741541406069,0.01736079882064039,train
0.7651207452407436,0.23487925475925642,0.017178597934958243,train
0.7592723186794229,0.2407276813205771,0.01406144966601792,train
0.7519338665878039,0.24806613341219608,0.01910622543688119,train
0.6492756357698125,0.3507243642301875,0.11647812308872553,train
0.637233888231473,0.362766111768527,0.04713213313995522,train
0.8069158507672232,0.19308414923277684,0.01851540532095645,train
0.6843931833537805,0.3156068166462196,4.034670469246216,train
0.6836857509425847,0.31631424905741534,0.20673618568898527,train
0.6759906248590253,0.3240093751409747,1.1760223391773055,train
0.7888353560729031,0.21116464392709688,1.675431572441314,train
0.636746452779391,0.363253547220609,0.024109266354645185,train
0.6825010221703104,0.3174989778296897,0.024878151868662202,train
0.8074569765336538,0.19254302346634622,0.01188506628039349,train
0.7913232194489438,0.2086767805510562,0.012651837811861872,train
0.6071014664970323,0.39289853350296766,0.018592345571144177,train
0.6210033765306081,0.3789966234693919,0.26901969492338407,train
0.5792170367207897,0.4207829632792103,0.0335158979718115,train
0.7189204930908936,0.28107950690910644,1.655465820555382,train
0.798047598511259,0.20195240148874105,1.1843085074408366,train
0.8267214940758674,0.17327850592413263,0.07601246669949424,train
0.7502773532347454,0.24972264676525457,2.0852170557811425,train
0.6448209265968577,0.35517907340314236,1.5736591053387061,train
0.702563675779521,0.29743632422047905,0.01617505983985501,train
0.9249952440674701,0.07500475593252987,0.007957960644406402,train
0.665184009221235,0.3348159907787651,0.017294906700209497,train
0.672227023332742,0.327772976667258,2.293507353966999,train
0.8682288621065453,0.13177113789345474,0.017449456194727913,train
0.8770895674779533,0.1229104325220467,0.018973656829212995,train
0.7647169129350827,0.2352830870649173,0.09240408843137883,train
0.786593249840975,0.213406750159025,0.012869427394241982,train
0.6421803966398721,0.35781960336012786,0.023205427551389726,train
0.7905151183714283,0.2094848816285717,0.03180758787138059,train
0.679996804927756,0.32000319507224395,0.01687751567787733,train
0.7096800158407116,0.2903199841592884,0.02171209294635711,train
0.7169592692886789,0.2830407307113211,4.113814604189413,train
0.711165456930777,0.28883454306922296,0.015886323322361357,train
0.772296354276302,0.22770364572369794,1.2558888475717467,train
0.7075219396313016,0.2924780603686984,0.016010031854021875,train
0.7865872264725388,0.21341277352746124,2.611978064645497,train
0.7071612787295727,0.2928387212704273,0.018037857012872954,train
0.6706142837120516,0.32938571628794844,2.558407681827866,train
0.6521471512007071,0.3478528487992929,0.04135869021164441,train
0.6448456346420167,0.3551543653579834,0.024167761591740954,train
0.7168087287724672,0.28319127122753285,1.2005993553119,train
0.8498010056607992,0.1501989943392008,1.068759144065938,train
0.6856430068596536,0.3143569931403464,3.8980080062049245,train
0.8000502926495429,0.19994970735045714,0.01224177780283958,train
0.624233304358401,0.37576669564159904,0.018266295616680334,train
0.5655105932627977,0.4344894067372024,0.2671621277964189,train
0.604182165049434,0.395817834950566,0.041950910746559954,train
0.5669554340971882,0.4330445659028118,2.2545882015490912,train
0.7158897521878137,0.2841102478121864,3.1074872899405106,train
0.6887287987433837,0.31127120125661634,0.06926801489849722,train
0.6860787157087247,0.3139212842912753,0.3403908941635967,train
0.5459113819858757,0.45408861801412426,8.854504996250352,train
0.6411170768131749,0.35888292318682513,0.017898457908814065,train
0.696302671353519,0.303697328646481,0.0163779631659051,train
0.60283894939306,0.39716105060693996,8.02355790891416,train
0.7060586845073712,0.2939413154926288,0.019263259792286613,train
0.6641312678673189,0.3358687321326811,0.14165452596127054,train
0.7882281406647151,0.21177185933528486,0.016764325676907738,train
0.6574366415501768,0.3425633584498232,5.742662027853391,train
0.9134441934526714,0.08655580654732864,0.02381046641174186,train
0.7882281406647151,0.21177185933528486,0.1922856307291088,train
0.7286506877957422,0.27134931220425784,0.02481813382783236,train
0.6876074623807247,0.3123925376192753,0.028749767782457566,train
0.65937530582492,0.34062469417508,3.426382138954092,train
0.8608753306072704,0.1391246693927296,0.013240081202201081,train
0.8185624137950194,0.18143758620498074,1.5297529380509116,train
0.9037170783842511,0.09628292161574892,0.013578092163362311,train
0.7302902813324034,0.26970971866759663,0.015203270706870392,train
0.7936580017715563,0.20634199822844368,0.01269788840627422,train
0.7808040809101339,0.21919591908986613,0.0131312620437929,train
0.7529475490302905,0.24705245096970951,3.214134098342153,train
0.5981605403348558,0.4018394596651442,0.060469727752120304,train
0.6828588276177878,0.31714117238221207,0.019213761856722373,train
0.7148267683104217,0.2851732316895783,0.04124413966038163,train
0.6741793439536907,0.3258206560463093,0.017045588771321004,train
0.7517272807497423,0.24827271925025773,2.7532345290071727,train
0.7815080111655943,0.21849198883440568,2.7856912989743394,train
0.5792273872602831,0.4207726127397169,13.731924928096909,train
0.732798692536834,0.26720130746316595,0.020146675654783133,train
0.6240501464933395,0.37594985350666055,2.397045843408137,train
0.7228613527064404,0.27713864729355964,0.021817926905147316,train
0.7497990077299977,0.25020099227000225,0.016330073735685985,train
0.783922806184844,0.2160771938151559,0.352298579339736,train
0.6001054569732494,0.39989454302675054,5.148488703677595,train
0.9092041856569252,0.09079581434307482,0.08180479062797877,train
0.8093238830623806,0.19067611693761943,0.019184333152366992,train
0.8566805328951544,0.14331946710484555,0.009869974318514706,train
0.7467737820295279,0.25322621797047207,0.0309769214970404,train
0.8561995837362265,0.1438004162637735,0.035216165476037384,train
0.8386466153439363,0.16135338465606375,1.1065105071988215,train
0.6993984503775452,0.3006015496224548,0.018669149713478946,train
0.7723520495271544,0.22764795047284558,0.027723793244500916,train
0.5687481522214168,0.43125184777858316,0.026156422238354675,train
0.8334719218563542,0.16652807814364579,0.011538898774974876,train
0.6567243573332664,0.3432756426667336,7.3303737314661435,train
0.683037797732369,0.31696220226763105,0.1541085222510629,train
0.7467737820295279,0.25322621797047207,0.25263671124207526,train
0.7030609193176715,0.29693908068232855,0.03288375415757232,train
0.725567763980817,0.274432236019183,0.01718685692377665,train
0.6410578293488508,0.3589421706511492,0.02493786078663245,train
0.774202960762712,0.225797039237288,0.013423773903684955,train
0.8210982988553199,0.17890170114468007,0.07418958146190646,train
0.7785447549389856,0.22145524506101444,2.8055268563284623,train
0.7208566630104307,0.2791433369895693,0.02024269277853259,train
0.7756618997380211,0.22433810026197887,0.018587024758284852,train
0.6848991275492631,0.31510087245073704,0.27342705391046807,train
0.6747964609012508,0.3252035390987492,0.017028013669437212,train
0.7438642352464226,0.25613576475357747,2.4464636154145936,train
0.6419291823227953,0.35807081767720483,0.017879606200597736,train
0.6299837101124254,0.3700162898875746,0.01814618491604858,train
0.5993412880162198,0.4006587119837802,0.7578501631471595,train
0.6420642442011409,0.35793575579885906,0.017876460667668424,train
0.7288812579915752,0.2711187420084248,0.04179576387292107,train
0.7975132279627445,0.2024867720372555,0.026029558522426475,train
0.8192875482167155,0.18071245178328454,0.01343933370831088,train
0.7236150414546295,0.2763849585453705,0.38660237260413755,train
0.7064604857613691,0.2935395142386309,0.01604568297278085,train
0.6959921251076404,0.3040078748923596,0.03173160822988814,train
0.8107211894238712,0.18927881057612883,0.015501696629686436,train
0.7977037613926129,0.2022962386073872,0.012353126757516304,train
0.6624754239563543,0.3375245760436457,0.24657937913256786,train
0.6454969108928112,0.35450308910718875,0.01979106425383806,train
0.7411688860264058,0.25883111397359415,3.0893002998586527,train
0.6710230019154203,0.3289769980845797,0.21426249331462421,train
0.6875259764914741,0.31247402350852593,0.021087392617915042,train
0.7615408947714568,0.2384591052285432,0.016590648598383183,train
0.8842985950160996,0.11570140498390036,0.028121073241564255,train
0.6423768315799104,0.35762316842008957,0.017869169387514098,train
0.7440937505163694,0.2559062494836306,0.016002779891092844,train
0.8828950832755127,0.1171049167244873,0.15154386385003657,train
0.770130508278551,0.229869491721449,0.05905190841978387,train
0.774938737179729,0.22506126282027106,0.018015134530502675,train
0.642900935034781,0.35709906496521915,0.03105137424554229,train
0.5772277620666679,0.4227722379333321,23.77217121845411,train
0.6450325171083872,0.35496748289161284,0.30011685046622166,train
0.7296757976223318,0.2703242023776682,1.7674595241688011,train
0.6849188339701956,0.3150811660298044,0.027960229889121994,train
0.7979895315625439,0.20201046843745607,0.0169913990731361,train
0.7103476383002927,0.2896523616997073,0.08043315257703304,train
0.8686959157889118,0.1313040842110882,0.0661315300162244,train
0.7188514847738818,0.28114851522611817,0.03777148896348371,train
0.5905476742223401,0.4094523257776599,1.7658367122065102,train
0.7406894041676646,0.2593105958323354,0.01675720849667028,train
0.5977058510601352,0.4022941489398648,0.028050794250903992,train
0.6966296664941241,0.30337033350587594,1.71521315539111,train
0.8117702112537473,0.18822978874625274,0.020171632890253893,train
0.6761170892737173,0.3238829107262827,0.020275913066673857,train
0.7581432067563744,0.24185679324362563,0.01410831499158476,train
0.7231368014181065,0.27686319858189345,1.8960477206829247,train
0.8192511695656021,0.18074883043439793,0.04748680383811208,train
0.6352201073694587,0.36477989263054134,0.02061241353943313,train
0.715350233140448,0.284649766859552,0.015741693676374086,train
0.8020998811305373,0.19790011886946268,0.041797139157602935,train
0.7292038965526102,0.2707961034473898,0.10018646492686109,train
0.7926688933667143,0.2073311066332857,0.01258933412521412,train
0.6822394944879454,0.3177605055120546,0.016944627875604207,train
0.7719119694025254,0.22808803059747462,0.013523781501294005,train
0.8208808797141304,0.17911912028586963,1.3313318506171659,train
0.6817762035337879,0.3182237964662121,0.050174637627982174,train
0.8872851886998064,0.11271481130019356,0.0075487381068029815,train
0.7213412536866178,0.27865874631338217,0.32109459244818855,train
0.7797243487152242,0.22027565128477578,0.05138217695307061,train
0.641712740450372,0.35828725954962803,7.291487504525509,train
0.7900622519720065,0.20993774802799348,1.1969373269925827,train
0.6642092944841722,0.3357907055158278,1.4579121878230576,train
0.8285841459205605,0.1714158540794395,0.11442376671738481,train
0.7266284841800245,0.27337151581997554,0.2502417066451282,train
0.6481957134887967,0.3518042865112033,7.941425714749331,train
0.7914565547794357,0.20854344522056434,0.012645656507816821,train
0.6387212931558148,0.36127870684418517,0.03403662105842798,train
0.7980698458776484,0.2019301541223515,0.05158984338345641,train
0.7349604512389081,0.2650395487610919,0.01870812159651296,train
0.6463230761339537,0.3536769238660463,0.024107812616246147,train
0.8913611725451663,0.10863882745483366,0.04397913315052428,train
0.811411366407506,0.18858863359249411,0.09993314654028299,train
0.5761222044459124,0.42387779555408756,0.01906039237749867,train
0.6378812890811086,0.36211871091889136,0.14680680973575921,train
0.870205849667952,0.129794150332048,0.008550435895559162,train
0.5909423805396083,0.40905761946039165,0.22134441049827236,train
0.6738996187051843,0.32610038129481567,0.017053535285462048,train
0.7204791222717141,0.27952087772828593,0.5566064526427358,train
0.76645882176286,0.23354117823714005,2.758002561956223,train
0.7868330432777656,0.2131669567222344,0.017486320819891484,train
0.8801883520350933,0.11981164796490673,0.06712948570125646,train
0.7688824188330358,0.23111758116696424,0.026456634474721963,train
0.7646390880477248,0.23536091195227515,0.05026124723368929,train
0.7259058371057122,0.2740941628942878,0.07883691606003211,train
0.8715570615326599,0.12844293846734012,0.03236497059369627,train
0.6754352116334161,0.324564788366584,0.022858188344788793,train
0.5954161425840693,0.4045838574159307,1.4030161700332884,train
0.7909716615958133,0.20902833840418666,0.12319920587560024,train
0.5922121201577704,0.40778787984222964,3.0983679036908396,train
0.5883563933790542,0.4116436066209458,0.0431918238093347,train
0.6918164699375162,0.3081835300624838,0.3761553063571445,train
0.8022300185874282,0.19776998141257185,0.015303926930803381,train
0.8882348041622631,0.11176519583773692,0.00749189579098145,train
0.7933922938310932,0.20660770616890678,0.09456221354957026,train
0.5628676060860652,0.43713239391393477,5.237413349939018,train
0.6801688798734313,0.31983112012656867,0.016872462702062368,train
0.7392600453188245,0.2607399546811755,0.014863535972307362,train
0.7106878917273257,0.2893121082726743,0.018211433377678245,train
0.6628791613969774,0.33712083860302267,0.017356717287249468,train
0.765374044350128,0.234625955649872,0.06977787045215769,train
0.7014142425498721,0.29858575745012794,2.0659462798739936,train
0.7890711232470294,0.21092887675297056,0.012755849108784374,train
0.6831895320808793,0.3168104679191207,0.21746239458897648,train
0.632617130809192,0.367382869190808,0.025190413171727235,train
0.8123989166848575,0.18760108331514247,0.09680277931782838,train
0.7078463115499024,0.2921536884500976,0.10619810927315598,train
0.8854704218865601,0.11452957811343989,0.010988764743403732,train
0.6292183337237383,0.37078166627626175,0.018162480186617952,train
0.6845342843241756,0.3154657156758244,5.361350079231399,train
0.8001947079184064,0.1998052920815936,0.012798464821477869,train
0.6788947379880202,0.32110526201197975,0.016909766846755502,train
0.6686929877607836,0.33130701223921644,0.07706330128588076,train
0.7036540911908078,0.2963459088091922,0.07748478348313438,train
0.7086372967379779,0.29136270326202207,0.0236033863306937,train
0.7929811833940628,0.20701881660593724,0.014675150949117114,train
0.6738270349034812,0.32617296509651883,4.601003563087386,train
0.6877386553839889,0.3122613446160112,0.016645551206251937,train
0.6894420085401114,0.3105579914598886,0.3457884488383318,train
0.7825084910487283,0.21749150895127167,1.674579860913336,train
0.7644807448081642,0.23551925519183592,0.013842788468902162,train
0.8238423414665128,0.1761576585334873,0.056362558542723866,train
0.713436620527421,0.28656337947257904,0.01710715294029685,train
0.8788948101819287,0.12110518981807128,0.00955301569359375,train
0.8699017901114686,0.13009820988853138,0.008567912164377915,train
0.745674194910786,0.254325805089214,2.1111392133789697,train
0.7980314209519571,0.20196857904804288,0.30718450989417245,train
0.9045065205593926,0.09549347944060738,0.025489216540400407,train
0.6945837012520467,0.3054162987479533,0.02288796693418041,train
0.7621147187481307,0.23788528125186914,2.543549270630401,train
0.7707113534116163,0.22928864658838366,1.4276312111121412,train
0.695807611496651,0.30419238850334895,1.5743341703112639,train
0.8587891756124547,0.1412108243875453,0.011390942164137075,train
0.7622058451853151,0.2377941548146849,1.2290988002282106,train
0.7862103898785121,0.2137896101214879,0.019048294244453107,train
0.8039477506164084,0.19605224938359156,0.030358492901160945,train
0.7534636867250645,0.24653631327493553,0.01788141093545926,train
0.6491803610881791,0.3508196389118209,0.017706582942300875,train
0.715897850338953,0.28410214966104697,0.060574789735582515,train
0.7238609576229267,0.2761390423770733,0.01620934078371511,train
0.899859325032859,0.10014067496714096,0.006786383126277038,train
0.7577549414775114,0.24224505852248868,0.016055582518917356,train
0.662945278057497,0.33705472194250297,0.02539312949098051,train
0.7714523533912397,0.22854764660876026,1.3927792359428854,train
0.7030589532505576,0.29694104674944255,0.022067708339967518,train
0.7474650857067505,0.2525349142932495,0.014542018457400885,train
0.839318685832881,0.16068131416711895,0.010260864565166701,train
0.7649485445270942,0.23505145547290585,0.021602466399118066,train
0.7949015402076948,0.20509845979230523,0.014647354387592642,train
0.7714768597126486,0.22852314028735143,0.013542686899016021,train
0.7447504414861437,0.25524955851385633,0.10668464381770945,train
0.6201026364022924,0.37989736359770765,1.2562402432929478,train
0.8804774069741824,0.11952259302581758,0.007952713382806582,train
0.7420240357022722,0.25797596429772784,0.03753801778613133,train
0.9079029679683055,0.0920970320316945,0.006287796535064521,train
0.6987126435627143,0.30128735643728566,0.016300587902751247,train
0.6075091625143113,0.3924908374856887,4.6168367823910135,train
0.7769336931728742,0.2230663068271258,0.23593215818026303,train
0.8119362948657147,0.18806370513428528,1.7018643059446241,train
0.6042880404875168,0.39571195951248317,0.018641326774304513,train
0.7782661542196294,0.2217338457803706,1.4293515076931644,train
0.6251908668321768,0.37480913316782316,2.955684185014611,train
0.6568294010691885,0.3431705989308116,2.0850964751802747,train
0.547217411312878,0.45278258868712196,5.859509864624448,train
0.7586593465959232,0.24134065340407695,0.19293104104569825,train
0.9030363147741203,0.09696368522587973,0.021922522596368305,train
0.8354771466931717,0.16452285330682825,0.14137436173426318,train
0.6470547357700415,0.35294526422995853,0.025458097293262896,train
0.676458785168927,0.323541214831073,1.6496526065992587,train
0.7204791222717141,0.27952087772828593,0.015825513673983087,train
0.8376932372117344,0.1623067627882656,0.0103472075901137,train
0.8913964684567357,0.1086035315432643,0.011850959045675903,train
0.7841449228422797,0.21585507715772034,0.016949661704148522,train
0.6780573232010818,0.3219426767989182,5.820882071424334,train
0.6973063601034435,0.3026936398965566,0.027472607786170892,train
0.7523021786223578,0.24769782137764218,1.3932618917156374,train
0.8721046200052305,0.12789537999476952,0.012632608585448743,train
0.7711309730636879,0.22886902693631206,1.4046639499248332,train
0.679110861398897,0.320889138601103,0.14672836621974594,train
0.8709157451668783,0.1290842548331217,0.008509584740201914,train
0.7773380555157492,0.2226619444842508,0.014573348273293001,train
0.8881581419278773,0.11184185807212266,0.03558653726524743,train
0.7898288608678793,0.2101711391321207,0.10392202144244356,train
0.6572480528248402,0.3427519471751599,0.25152187730082387,train
0.8705618363609314,0.12943816363906857,0.026186282634858317,train
0.7852862304341545,0.21471376956584565,0.01742150642392109,train
0.7869511874444997,0.21304881255550034,0.018837785518558137,train
0.6928158989913993,0.3071841010086007,5.0101653538293,train
0.7297116195797783,0.27028838042022174,0.015224764749624383,train
0.8730202437707043,0.1269797562292957,0.008388079039956428,train
0.7115681938034208,0.28843180619657915,2.1791344421266836,train
0.7973074764354143,0.20269252356458567,0.0283860204551346,train
0.8531622345968581,0.14683776540314186,0.07051359745685375,train
0.7845967184739495,0.2154032815260506,0.06334143566109464,train
0.6911123013258554,0.30888769867414456,0.6485259603950201,train
0.6931802238703223,0.3068197761296777,1.5417942835529395,train
0.8784097187923746,0.12159028120762538,0.016864929132698717,train
0.6682574755812087,0.3317425244187914,2.188454876738978,train
0.7312773392297466,0.2687226607702534,0.088922553162,train
0.7740905337483114,0.22590946625168862,0.023986618025117864,train
0.8626980276539089,0.1373019723460911,0.013005367781739023,train
0.7765486247436864,0.22345137525631364,0.016815843383403202,train
0.6987259563667471,0.30127404363325294,0.1979027503071669,train
0.651149987115276,0.34885001288472395,8.274642468773296,train
0.7254619086482171,0.27453809135178286,3.4948249673237113,train
0.7575133222719727,0.24248667772802734,0.18942621816127642,train
0.791484866926394,0.20851513307360603,0.016178671980160195,train
0.6996205583726609,0.3003794416273391,0.01859355922577938,train
0.6010956885844897,0.3989043114155103,0.027061317371991987,train
0.8868306100732557,0.1131693899267443,0.02523852237069947,train
0.615677420566071,0.384322579433929,0.020847431355112946,train
0.7841669761016661,0.21583302389833392,0.14100983286348542,train
0.7748058123964086,0.22519418760359144,0.013966211775656441,train
0.7311838595595263,0.26881614044047386,0.022418858349828374,train
0.658866248961867,0.34113375103813304,3.32641289180549,train
0.7715810224606651,0.22841897753933482,0.11245114429006776,train
0.7700869265253029,0.22991307347469714,0.013602890191646046,train
0.7962991018225573,0.20370089817744275,0.01782397586649169,train
0.6522428224004153,0.3477571775995847,0.017630973877016003,train
0.7724253170104448,0.22757468298955508,0.016851749548677037,train
0.7813540040468172,0.2186459959531828,0.30543537413981664,train
0.8672828295031192,0.1327171704968808,0.010591634221801285,train
0.8800492926206167,0.11995070737938329,0.021419201154536303,train
0.7353763431170206,0.2646236568829794,0.041446431376990375,train
0.7664402994978787,0.23355970050212127,0.014416505605570916,train
0.7568630412329821,0.2431369587670179,1.9343283042501027,train
0.6261409765023855,0.37385902349761446,0.02408713226718175,train
0.7849204440149326,0.21507955598506745,0.12784866869093098,train
0.7008092329121917,0.29919076708780834,0.12198904626857351,train
0.7470815027987676,0.2529184972012324,1.7754337354629004,train
0.5863343594270891,0.4136656405729109,0.3553055746768258,train
0.7625732834985852,0.23742671650141478,0.10933105862077458,train
0.8918426943274498,0.10815730567255022,0.03796420202865075,train
0.7151161990802585,0.2848838009197415,0.019344498798104945,train
0.8208808797141304,0.17911912028586963,0.0112183960890833,train
0.7322205408861593,0.2677794591138407,0.2490127909671906,train
0.6616764185896262,0.3383235814103738,0.017388635826486094,train
0.8939649146487908,0.1060350853512092,0.00804635887281283,train
0.7036416495513597,0.29635835044864034,0.01661379068973126,train
0.8127804795808505,0.18721952041914947,0.1379860264584161,train
0.8508540641883079,0.1491459358116921,0.08933061497232926,train
0.7332144600366755,0.26678553996332455,1.194243507535636,train
0.7566073174928655,0.24339268250713453,3.232429326179708,train
0.7283071612237456,0.2716928387762544,0.01527671871731388,train
0.7744119937350074,0.22558800626499265,1.4244264671613056,train
0.7655842405411377,0.23441575945886228,0.027873127653634252,train
0.6490089480315928,0.3509910519684072,3.498633007611057,train
0.7201530090010919,0.2798469909989081,4.258059004922297,train
0.5966357507445978,0.40336424925540215,3.023271859542394,train
0.7682462313911338,0.2317537686088662,2.289203423652492,train
0.7264593905192093,0.27354060948079073,2.5359711587300575,train
0.6322880632766239,0.3677119367233761,0.03496279880275951,train
0.7140822666260701,0.28591773337393,0.08899678633889725,train
0.7069019676945707,0.2930980323054293,0.02004637831154654,train
0.7659241894983234,0.23407581050167658,0.19596270374706398,train
0.8092754962937553,0.19072450370624472,0.0416579176643785,train
0.6852272838540345,0.31477271614596547,0.4352759113346767,train
0.6753405233084426,0.32465947669155737,0.06953654364663511,train
0.8495799691340606,0.15042003086593936,0.09606025463698464,train
0.8810840009109585,0.11891599908904149,0.009283271270510006,train
0.7573195233713261,0.24268047662867387,3.0286476452698325,train
0.7948298738614931,0.20517012613850694,0.06535073329349339,train
0.6739022253316589,0.3260977746683412,0.017053461292942263,train
0.7045297382361208,0.29547026176387925,0.10178507578351198,train
0.8310504586556,0.1689495413444,0.09791067338217321,train
0.7625738662517881,0.23742613374821187,0.013923315599401919,train
0.6461111377853705,0.35388886221462956,0.05070864772417572,train
0.8821648695794323,0.1178351304205677,0.04909237881638696,train
0.7506692422907881,0.24933075770921187,0.019604776786270976,train
0.7909671874980568,0.20903281250194317,0.015236128065135746,train
0.7796025819709091,0.22039741802909085,0.013184983898217989,train
0.6809640218117263,0.3190359781882737,0.13817767288283342,train
0.6796451628063617,0.32035483719363844,0.13802477671309502,train
0.7810200674133376,0.21897993258666237,0.03821715703491915,train
0.9096739188533884,0.09032608114661156,0.006176890425453398,train
0.7639882711200648,0.23601172887993516,1.2699733461264355,train
0.6872591328336166,0.3127408671663835,0.03013027970604844,train
0.6334184570968313,0.3665815429031687,0.024821982571778055,train
0.6608577611195902,0.33914223888040995,5.257219792921064,train
0.8156012783920169,0.1843987216079831,0.09864935294396776,train
0.7147480030455534,0.2852519969544466,2.344389495227315,train
0.7376163448080968,0.2623836551919032,0.025094256984791823,train
0.6371830987122928,0.36281690128770716,0.025116392884609734,train
0.551613175012342,0.44838682498765803,28.606813322464845,train
0.6860113543019817,0.3139886456980183,0.06814924947168764,train
0.8673318346268043,0.1326681653731957,0.046447002519492964,train
0.7453103618002235,0.2546896381997765,0.05951530993518143,train
0.8945869720707517,0.10541302792924834,0.007108585357271275,train
0.7292591407576731,0.27074085924232694,0.015241535996900932,train
0.8019979622767849,0.19800203772321512,0.016571069941372172,train
0.6977080387130774,0.3022919612869227,0.09466791958501941,train
0.6865603001619583,0.31343969983804165,0.6220469801178443,train
0.7766099092953029,0.22339009070469706,0.013317864358401979,train
0.7318774378853129,0.2681225621146871,0.19103220254892697,train
0.723470837236124,0.27652916276387596,0.04882610703007169,train
0.7350946712866447,0.26490532871335526,0.020335460181387578,train
0.7987767713096895,0.2012232286903105,0.014115257206221718,train
0.8923851602403113,0.10761483975968866,0.016570935483111525,train
0.6164539780949394,0.3835460219050606,1.66298696522963,train
0.6291392472938002,0.3708607527061998,0.49337766745549194,train
0.6271840266678622,0.3728159733321378,0.018205331188017756,train
0.76911796176495,0.23088203823505005,0.3317505637591575,train
0.6703713101461175,0.3296286898538825,0.026233300452255595,train
0.6650386477344506,0.33496135226554935,0.13484183642857023,train
0.7644807448081642,0.23551925519183592,1.7775828278166712,train
0.7254424393298168,0.2745575606701832,0.019124951229968025,train
0.6685178664860388,0.33148213351396116,0.019822451965434876,train
0.6438162817169112,0.3561837182830888,0.042885164843471275,train
0.8918137828362733,0.10818621716372667,0.009417980230500287,train
0.724483989568378,0.275516010431622,0.4669791174317719,train
0.7605215804746984,0.23947841952530158,0.20086278486710588,train
0.7614475361623589,0.23855246383764106,0.01590330015878795,train
0.60087011824331,0.39912988175668995,0.03754132348806821,train
0.8034792875879786,0.1965207124120214,1.6142154270501368,train
0.684004178450828,0.31599582154917205,2.5737990427976714,train
0.6770994951581096,0.32290050484189037,3.248894869720092,train
0.7402664676538757,0.2597335323461243,0.05082458265466656,train
0.941696559812191,0.058303440187808975,0.006589074763986924,train
0.6868651343382277,0.3131348656617723,0.077072920009117,train
0.7277217210590251,0.2722782789409749,0.027246864783428075,train
0.6909987265966027,0.30900127340339734,0.01973670280636563,train
0.9015067806020534,0.09849321939794664,0.04048518768471283,train
0.7583943809096984,0.24160561909030176,0.014097906249098253,train
0.7032302839377431,0.296769716062257,1.6901266119702465,train
0.6754721239095092,0.32452787609049094,0.017008701995766488,train
0.6803815034355662,0.31961849656443375,0.25773197862096686,train
0.7473049048648868,0.25269509513511323,0.014548393090932395,train
0.7211294518893302,0.2788705481106698,0.543132627440911,train
0.7737934141344595,0.22620658586554054,0.0166867994609152,train
0.7575133222719727,0.24248667772802734,0.1367950467394822,train
0.7874747837154896,0.21252521628451038,0.013501838369795764,train
0.7351895579540798,0.2648104420459202,0.017882734169444272,train
0.890261341345382,0.10973865865461796,0.008141180624459584,train
0.7481587773113786,0.2518412226886214,0.014887781267497058,train
0.659530593312464,0.340469406687536,0.020761542512713876,train
0.8847646236410772,0.11523537635892278,0.015085561491542115,train
0.851001031797906,0.14899896820209402,0.010989075389801286,train
0.870220175123877,0.12977982487612305,1.311783863175401,train
0.5562472210224669,0.44375277897753307,0.037039789546377044,train
0.7646119052028642,0.23538809479713585,0.08940690493740569,train
0.7425349546285632,0.2574650453714368,0.3787312503398698,train
0.8019510492916521,0.19804895070834794,0.022459307722774487,train
0.7055106530035314,0.29448934699646856,3.323426425364316,train
0.7933748237189958,0.20662517628100419,0.034101998363146334,train
0.7685072960174457,0.23149270398255428,0.3855495287327056,train
0.7629895281199289,0.23701047188007107,1.427296719383826,train
0.6318756196839973,0.3681243803160027,0.018105498926954282,train
0.7509986420853422,0.24900135791465783,0.01440040663948179,train
0.767590001794313,0.23240999820568697,0.040122914329839506,train
0.798047598511259,0.20195240148874105,1.108311164924889,train
0.7842453498119903,0.21575465018800966,0.022137881494515725,train
0.6704379654238509,0.3295620345761491,0.017150847602785093,train
0.5941506850660868,0.4058493149339133,0.018807106471993268,train
0.7996008184463703,0.20039918155362968,0.01226316856690762,train
0.7595412207859509,0.24045877921404912,0.0140502602575453,train
0.7472927709649032,0.2527072290350968,0.11974385605924742,train
0.8162236431467206,0.18377635685327942,0.012636384693178751,train
0.7585714178673117,0.24142858213268825,0.03188685211194378,train
0.6871147595927196,0.3128852404072804,0.2280378982996883,train
0.9017012016555243,0.09829879834447575,0.010406674672441288,train
0.7168134959054037,0.28318650409459634,0.015690481484507142,train
0.8905820409449824,0.10941795905501761,1.5431633819792487,train
0.740516865685806,0.259483134314194,0.015084017835296528,train
0.7339420456280699,0.26605795437193014,0.022318929037614035,train
0.9134787963449695,0.08652120365503047,0.005937233377195401,train
0.7892228267803366,0.21077717321966338,0.01284900440188371,train
0.8869707056647473,0.11302929433525266,0.018813855872754644,train
0.6624754239563543,0.3375245760436457,0.021078221084544522,train
0.6293630410287466,0.37063695897125337,9.671816237422554,train
0.6453745835158848,0.35462541648411516,0.07961407527769258,train
0.7349581291119003,0.2650418708880997,0.024187553363189826,train
0.7121510604038884,0.2878489395961116,0.032023330960997895,train
0.6818420479615319,0.3181579520384681,2.9646804781515437,train
0.7548368785008321,0.24516312149916786,1.288410479968832,train
0.7382548569423639,0.26174514305763597,0.15740551069094053,train
0.7389748086457569,0.26102519135424307,3.129030332321252,train
0.7637573405595615,0.23624265944043854,0.01826318270338663,train
0.7211873674482395,0.2788126325517605,0.1610641453711309,train
0.8999198950340838,0.10008010496591624,0.0067826603373162325,train
0.7005817512827831,0.2994182487172169,0.016239952036858036,train
0.7911060290684123,0.20889397093158768,0.01292017423346231,train
0.6579112293747633,0.3420887706252367,0.5293571369839547,train
0.5952892644503915,0.40471073554960846,1.4135930136599535,train
0.6714854902873331,0.32851450971266705,4.107299672959025,train
0.7590209386583718,0.24097906134162816,0.015240647419258473,train
0.7836129716704427,0.21638702832955725,0.028887183173347833,train
0.6670309240393028,0.33296907596069725,0.04901685447616846,train
0.7512623756424353,0.24873762435756475,0.08032501283433678,train
0.7793128388185658,0.22068716118143417,0.01319790704242521,train
0.7798798147288125,0.22012018527118749,0.016366625720058536,train
0.6523972413734972,0.3476027586265028,0.018477474352473825,train
0.9148801068746354,0.08511989312536461,0.006528674081214003,train
0.733264242399713,0.266735757600287,3.799871273764222,train
0.6129978817824562,0.3870021182175438,0.18070654432958397,train
0.7357735782182231,0.2642264217817769,0.02501966502863836,train
0.6822554137075718,0.3177445862924282,0.024106619559041798,train
0.6514486342750249,0.34855136572497514,4.90556750168315,train
0.7005109040034914,0.29948909599650864,0.15273659266005574,train
0.6442730289938543,0.3557269710061457,0.05242774450217394,train
0.7713291422326551,0.22867085776734486,0.09282326253103662,train
0.6204149442621938,0.3795850557378062,11.513029040222502,train
0.7339165087367051,0.2660834912632949,1.679982104239653,train
0.6940538097330671,0.30594619026693304,0.01752588881786847,train
0.653015866111701,0.34698413388829896,0.017611650669135108,train
0.8095239720966865,0.19047602790331353,0.01946116292748892,train
0.696302671353519,0.303697328646481,2.9407307243678042,train
0.678071752708308,0.321928247291692,0.01824611555662766,train
0.6804192469450576,0.3195807530549424,2.1087584086130207,train
0.5913382084040664,0.40866179159593363,0.020854642141391072,train
0.8775268777536701,0.12247312224632978,0.11315209157409485,train
0.7068383756682028,0.29316162433179715,0.6388618308553002,train
0.8450581532687134,0.15494184673128664,0.1705696871642859,train
0.7096697368703822,0.29033026312961785,3.0714769807628413,train
0.8022961314710935,0.19770386852890653,0.09130481827921856,train
0.76198806996657,0.23801193003343002,0.020237041215183122,train
0.6114317151379874,0.38856828486201256,1.367454344805691,train
0.7956309254426113,0.20436907455738873,1.2151953014663466,train
0.8494681310438678,0.15053186895613224,0.010439987166024586,train
0.7134163915722768,0.28658360842772324,3.0082892753857506,train
0.7598450292469251,0.2401549707530749,0.02843596564770899,train
0.5825433208040809,0.4174566791959191,0.44560451787206434,train
0.6739073730598922,0.32609262694010777,4.321089003947797,train
0.6587993152318986,0.3412006847681014,0.017464052420005458,train
0.6434128814246403,0.35658711857535974,0.0317757975628896,train
0.8902446860556441,0.10975531394435589,0.007371192037177973,train
0.6810976947688606,0.3189023052311394,0.7016199339822222,train
0.7522269769513553,0.24777302304864468,0.05951696563435861,train
0.623539147415166,0.37646085258483397,0.03168107081022147,train
0.7330717022917633,0.2669282977082367,0.016228740795534363,train
0.7620584577400092,0.23794154225999076,0.04014186030823152,train
0.614618768049846,0.38538123195015395,0.026850737289853294,train
0.7043840875808962,0.2956159124191038,0.016114915586128684,train
0.7523302114867374,0.2476697885132626,0.24786885612321677,train
0.6137744365888024,0.3862255634111976,0.01847101672006537,train
0.6562264205283458,0.3437735794716543,7.58912418490863,train
0.7767018653589081,0.22329813464109194,0.01331380109518882,train
0.7026949022715465,0.2973050977284535,0.047916142941701295,train
0.7277035447318884,0.2722964552681115,0.01529895470891513,train
0.6164495599827837,0.3835504400172163,0.025270372118041808,train
0.7209993427200702,0.27900065727992984,0.3184941574438571,train
0.8126510352276854,0.18734896477231455,0.08368249025750926,train
0.6044726006941603,0.3955273993058396,15.188147848199794,train
0.7818065791437334,0.21819342085626658,0.01531692447916691,train
0.6201562379262027,0.37984376207379733,1.2442481858065093,train
0.7313962325163527,0.26860376748364734,0.023939760354461107,train
0.7374738528606198,0.26252614713938016,0.4072194981396121,train
0.6042447464823328,0.39575525351766716,0.018642070435460973,train
0.8120694663544084,0.18793053364559165,0.050086893418356704,train
0.647016933756518,0.35298306624348197,0.01775908921868197,train
0.8238432237843489,0.17615677621565107,1.223958476227771,train
0.8179709825397398,0.18202901746026023,0.013929537102135231,train
0.7902376989645991,0.20976230103540094,0.3229398136144132,train
0.8263606317021643,0.17363936829783577,0.05293259535676641,train
0.7695600264929896,0.2304399735070104,0.028840037607372686,train
0.7215583695939014,0.2784416304060986,0.01552213941160502,train
0.7211106085648253,0.27888939143517466,2.845692295735368,train
0.748848513241541,0.251151486758459,2.0398303483870928,train
0.7089889066025207,0.2910110933974793,1.260491626453929,train
0.7248467270984874,0.2751532729015126,0.0416256001107766,train
0.6067475948144705,0.3932524051855295,7.63109228163854,train
0.6518461720138572,0.3481538279861428,0.07857155012796675,train
0.7099995022184129,0.2900004977815871,0.05691839666045247,train
0.8524790162849096,0.14752098371509048,0.014349980177592302,train
0.751294429868494,0.24870557013150596,0.4663344725338851,train
0.7611674614626555,0.23883253853734454,0.013982358498554039,train
0.6135242137102805,0.38647578628971946,0.22169992068516683,train
0.6984526192421255,0.30154738075787446,1.4961764902363335,train
0.789359386715337,0.210640613284663,0.012742577410491451,train
0.8954357819993549,0.10456421800064508,0.0228900997184264,train
0.7043966724886986,0.29560332751130136,0.022638427786617787,train
0.6344105205672391,0.3655894794327609,1.2408429913636383,train
0.8942211072328,0.10577889276719998,0.007130807920577313,train
0.8235568591812514,0.17644314081874868,0.06109890232884463,train
0.7178568345953805,0.2821431654046195,0.01565376365820166,train
0.7459115442594297,0.2540884557405704,0.1140995526110451,train
0.8972406050532882,0.10275939494671182,0.048751650143266434,train
0.6164539780949394,0.3835460219050606,3.936750536829245,train
0.765628309093525,0.23437169090647503,0.013794064578183914,train
0.8076320944244229,0.19236790557557715,0.04882627854648889,train
0.7484938384993778,0.2515061615006223,0.049514384819891066,train
0.6606124088712837,0.3393875911287163,2.34003863315772,train
0.8724297489138853,0.12757025108611475,0.014206309862641221,train
0.7976472369069424,0.2023527630930576,0.021498422851056267,train
0.8777428621476552,0.12225713785234482,0.008113232517053462,train
0.7950889277823042,0.20491107221769578,0.017217832513433475,train
0.6464007892635537,0.3535992107364463,6.631485744560089,train
0.6960788857565553,0.3039211142434447,5.073824486800727,train
0.7071716468936114,0.29282835310638855,1.1030200979887526,train
0.7468070988371468,0.2531929011628532,0.01456817918075709,train
0.8087066267678696,0.19129337323213036,0.011824099256795683,train
0.6915646655887009,0.3084353344112991,2.910298262577666,train
0.9053748867996809,0.09462511320031908,0.025317201780474547,train
0.8910589336276185,0.10894106637238155,0.007322139505065085,train
0.8563191034188856,0.14368089658111438,0.011490334920665183,train
0.795953300616538,0.20404669938346198,0.01243566815669778,train
0.8600520360608427,0.13994796393915732,0.009127224394646579,train
0.7994873474915203,0.20051265250847972,0.012268564075625451,train
0.7366388781027874,0.2633611218972126,0.09574646632963876,train
0.8891680674810398,0.11083193251896017,0.037741031174666116,train
0.7588954759447919,0.2411045240552081,0.04975361575710815,train
0.7384131941305019,0.2615868058694981,2.503707988255443,train
0.6196692446925739,0.3803307553074261,0.28958793726149173,train
0.6282165256520464,0.37178347434795356,0.18883299428366399,train
0.7981759471510976,0.20182405284890237,0.01406274463200946,train
0.7961509436784834,0.20384905632151662,0.013090981038539555,train
0.6829380137595001,0.31706198624049986,0.16443358910789874,train
0.6321801854244471,0.3678198145755529,0.8414009624119221,train
0.6226083994465074,0.37739160055349263,0.02286543641265994,train
0.711688027574204,0.288311972425796,0.03991838699462967,train
0.8046679360599496,0.19533206394005043,0.012020321815586002,train
0.6866349720058113,0.31336502799418875,0.09083047108709874,train
0.8708389072177821,0.12916109278221788,0.008514009705144347,train
0.7740328250009054,0.22596717499909458,0.01343122758918493,train
0.6908971196939752,0.30910288030602495,0.13981653692527174,train
0.7394978907371595,0.26050210926284045,0.29570071447200574,train
0.6686463593475778,0.33135364065242234,0.01720046513424465,train
0.6932098741054367,0.30679012589456334,0.05988173854526914,train
0.8012410154430692,0.19875898455693075,0.012184968557203886,train
0.650001118542484,0.349998881457516,0.02623213929156539,train
0.6156339242141117,0.38436607578588833,0.018435917087137998,train
0.6648144171443761,0.33518558285562394,0.01730487525899782,train
0.8943830110545546,0.10561698894544536,0.007120976094498905,train
0.6215636019739406,0.37843639802605944,5.573434261099433,train
0.8119362948657147,0.18806370513428528,0.011665489217641474,train
0.6706142837120516,0.32938571628794844,0.0734314224111014,train
0.853273100666409,0.14672689933359095,0.020070745410406616,train
0.7337122272389573,0.26628777276104265,0.041644298995118116,train
0.7940975314325701,0.20590246856742989,0.017332159523266694,train
0.8304376972861193,0.16956230271388073,0.13315921861457544,train
0.6846458820217421,0.31535411797825796,0.016739352055810685,train
0.67430888438349,0.32569111561651,0.07946802595136594,train
0.7444551425096679,0.25554485749033207,0.053130995318972786,train
0.6671715918387131,0.3328284081612869,0.02553270914540123,train
0.766257625534302,0.233742374465698,0.013767261076228693,train
0.765391704829923,0.23460829517007697,1.373717220264735,train
0.6492817571583503,0.35071824284164965,0.020525849410146187,train
0.6833976389177759,0.31660236108222406,0.020096945181046152,train
0.5916406268729041,0.4083593731270959,0.01884556086109332,train
0.6893058720880363,0.3106941279119637,0.016597444036590723,train
0.6587023063589429,0.3412976936410571,0.02510121402578267,train
0.66472732098251,0.33527267901749,4.0294241376009685,train
0.6929626977489202,0.30703730225107995,0.24034321769866518,train
0.8971366048046969,0.10286339519530308,0.008759410137822327,train
0.7456225110507475,0.2543774889492524,0.017368722439984108,train
0.7964286068039708,0.20357139319602913,0.04349790713789157,train
0.7909726864893457,0.2090273135106543,0.01359778146783237,train
0.7348299972108567,0.26517000278914327,0.015032864674316094,train
0.8989730623262313,0.10102693767376869,0.008208551825624976,train
0.8175580827909815,0.18244191720901848,0.011385823517331594,train
0.8122826480743669,0.1877173519256331,0.015738499551956865,train
0.7014630493282933,0.2985369506717068,0.01621117232333966,train
0.7157870705933234,0.28421292940667664,0.015726439680713016,train
0.7077532890843394,0.29224671091566057,2.866459996404499,train
0.8772674711173488,0.12273252888265118,0.01012019210565655,train
0.801243369515347,0.19875663048465297,0.0121848560405977,train
0.6547415330406505,0.3452584669593495,0.019390760528995226,train
0.8109851617233271,0.18901483827667287,0.011712355806115385,train
0.6990430684804594,0.3009569315195406,1.4038750279241987,train
0.7964828341439648,0.2035171658560352,0.0266731991413174,train
0.6836857509425847,0.31631424905741534,3.7104741066487157,train
0.7674625916488557,0.23253740835114434,2.891912155608893,train
0.8565860583077357,0.1434139416922643,0.009320876865975167,train
0.9034633544010698,0.09653664559893016,0.00802534624029217,train
0.7889581267553882,0.21104187324461177,0.01380268913208427,train
0.8323446769321385,0.16765532306786135,0.010628697862583887,train
0.7742228408369553,0.22577715916304475,1.6329154995287576,train
0.8870259560840709,0.11297404391592913,0.0075642344416117,train
0.621461402311819,0.3785385976881809,1.28423617207676,train
0.7525399239359994,0.24746007606400056,1.0835661180405614,train
0.8731203536996056,0.1268796463003944,0.008382284123680701,train
0.806938843253836,0.19306115674616398,0.23910991153782896,train
0.6114317151379874,0.38856828486201256,0.01912895548468756,train
0.7349278706079851,0.26507212939201485,0.040152946661399215,train
0.8115780941983077,0.18842190580169227,0.016722962974466356,train
0.7357434952235192,0.26425650477648077,0.12279629838012762,train
0.9182983676599534,0.08170163234004657,0.005630979531417548,train
0.7590977252308722,0.24090227476912784,0.014847793287765917,train
0.8284597306792718,0.1715402693207282,0.05963018907614485,train
0.6789438648626221,0.32105613513737785,0.0439437985409749,train
0.7848832708951399,0.21511672910486013,0.019094128716918523,train
0.7455650990380085,0.2544349009619915,1.7877669440898656,train
0.6670387213119704,0.3329612786880296,0.3117897158587986,train
0.6861643215505491,0.3138356784494509,1.7300358542155956,train
0.9067639009711493,0.09323609902885066,0.02118396279649765,train
0.9022953837254905,0.09770461627450955,0.006636277004654869,train
0.7814437628065408,0.21855623719345918,0.017954907369286184,train
0.7831352876957666,0.21686471230423343,0.06156611088813867,train
0.6950939528853658,0.3049060471146342,0.028192335232064637,train
0.7402192254851684,0.2597807745148316,0.016328460347637408,train
0.7643980139465016,0.23560198605349836,0.050145764200527784,train
0.8786447262237891,0.12135527377621103,0.0939452226813157,train
0.7036488585301371,0.29635114146986286,0.06571715511809413,train
0.9110377640287514,0.08896223597124864,0.006667219282131326,train
0.6206962735795155,0.3793037264204845,1.1384233593989246,train
0.7906831846232965,0.20931681537670355,0.2809452752479167,train
0.7272285300696776,0.2727714699303224,0.02227265371448895,train
0.6694629398194668,0.3305370601805332,6.317795975778097,train
0.726027117633548,0.273972882366452,0.015360417032363483,train
0.8665158278344419,0.13348417216555808,0.015455730281061142,train
0.7895513886382198,0.21044861136178017,0.012733730842686163,train
0.6156292063565958,0.3843707936434042,6.571994588738576,train
0.7861336376497448,0.21386636235025525,1.7063229473917667,train
0.7780636831806428,0.22193631681935722,0.15445247991827146,train
0.6552656288596567,0.34473437114034333,2.481052562989649,train
0.8779467925576713,0.12205320744232862,0.0968616549493051,train
0.7177483408852541,0.2822516591147459,0.11445352841210142,train
0.8087640107755858,0.1912359892244142,1.3945768285887026,train
0.8484493260657344,0.15155067393426558,0.023595630768866074,train
0.7961637317643576,0.20383626823564238,0.013495230342940355,train
0.7736578603700598,0.2263421396299402,0.014850583862719716,train
0.7747869255732783,0.22521307442672167,0.01526178768816218,train
0.7870020886558372,0.2129979113441628,1.31581105987701,train
0.6523889690164514,0.3476110309835486,0.06828413668163597,train
0.8804357631166332,0.11956423688336681,0.007955165435192289,train
0.7751918305720261,0.22480816942797388,0.029039771179188698,train
0.6067934028194736,0.3932065971805264,0.018597771782156856,train
0.7915393977035798,0.20846060229642027,0.016455768182691795,train
0.7542912401975573,0.24570875980244267,0.06391204797825406,train
0.7958089653146452,0.20419103468535482,0.06566142318280091,train
0.7348233538035495,0.26517664619645054,0.08472984464179191,train
0.7799037161413264,0.22009628385867364,0.04198758725314066,train
0.7372588553835991,0.26274114461640086,0.014940398167132891,train
0.7226082327634331,0.2773917672365669,0.04243234424487954,train
0.7799755728647897,0.2200244271352103,0.013168329446020111,train
0.7684439847175831,0.23155601528241687,0.013673680803986883,train
0.6483471284560383,0.35165287154396185,0.018044420222765405,train
0.8093497468162987,0.19065025318370132,0.01179263532627456,train
0.7574631741966953,0.2425368258033047,0.2917445565096035,train
0.7277044187247103,0.27229558127528974,0.015298922553292547,train
0.8864593126710899,0.1135406873289101,0.01116564990264627,train
0.7458263575770688,0.25417364242293117,1.9708333144746242,train
0.8077696468686284,0.1922303531313716,0.03179834569294924,train
0.6551102887252359,0.3448897112747641,0.16393120452911691,train
0.7329911245338385,0.2670088754661615,0.03048461868816418,train
0.753136963572354,0.24686303642764595,0.014313793202050243,train
0.5878480712560515,0.41215192874394846,0.018901707603717167,train
0.6640495889038851,0.3359504110961149,0.09531165922564859,train
0.623226848285582,0.37677315171441805,0.018430846991977435,train
0.7409799218386434,0.25902007816135664,0.014796990507751826,train
0.8959400362524402,0.10405996374755988,0.022859244907878024,train
0.7274575286812353,0.27254247131876475,3.386106995969812,train
0.5664447992385352,0.4335552007614648,0.01917435050813975,train
0.8567554549351993,0.14324454506480067,0.02359481258452859,train
0.6487741939714273,0.3512258060285728,0.01771649785785734,train
0.6710456987089697,0.3289543012910303,0.024622610968233004,train
0.8875730730833435,0.11242692691665646,0.01400156706527019,train
0.6809977795040842,0.31900222049591576,2.390609184046737,train
0.6796460323034089,0.3203539676965911,0.016887801610737642,train
0.7998162024172931,0.20018379758270688,0.01229978540191309,train
0.6463142198341595,0.3536857801658406,0.01777598241737409,train
0.7246285444858404,0.27537145551415965,1.558986926397795,train
0.49905496575713215,0.5009450342428678,0.019539442594363125,train
0.7828323988744049,0.21716760112559508,0.14453566609835936,train
0.7111792672215518,0.2888207327784481,2.3087215648942205,train
0.6863720770516376,0.3136279229483624,0.017143810638766816,train
0.7143822697665367,0.28561773023346326,0.06688319287829783,train
0.710356247472768,0.28964375252723196,0.030459278891018675,train
0.6396950380879709,0.3603049619120291,0.1717509306307673,train
0.6528734900394736,0.3471265099605264,0.17023040854760624,train
0.8878757676175127,0.11212423238248725,0.007524575490300458,train
0.9167157229312133,0.08328427706878672,0.005909965252903306,train
0.7213354308767799,0.27866456912322013,0.04856272819285167,train
0.712819192235773,0.28718080776422705,0.05440968938383459,train
0.6958666253708157,0.30413337462918444,0.018852349573814143,train
0.7000929525909135,0.2999070474090866,0.01625586194102325,train
0.6492726089897011,0.35072739101029893,6.160823963840415,train
0.8821752287356472,0.11782477126435276,1.1053253069077609,train
0.7244656670398275,0.2755343329601725,0.08203514399094987,train
0.9014500311546545,0.0985499688453455,0.00921195599059301,train
0.7210452981770881,0.27895470182291193,0.016598896846970402,train
0.7625609375325896,0.23743906246741042,0.12416888932056354,train
0.5748086297458506,0.42519137025414944,1.9261152114517317,train
0.8754916410505825,0.12450835894941747,0.011822608767455585,train
0.7872729927168785,0.21272700728312144,0.01727153863083505,train
0.7092628142818361,0.29073718571816387,0.01950808344033253,train
0.8037462514739637,0.19625374852603628,0.01624794552701213,train
0.6978913345706812,0.3021086654293188,0.27532490558431316,train
0.7534696655184355,0.24653033448156436,3.088403244035009,train
0.71718680267066,0.28281319732933996,2.275380280309335,train
0.6856603757260792,0.3143396242739209,1.7807595208998126,train
0.7143898343125296,0.28561016568747044,0.015775126042582126,train
0.6985547465191334,0.3014452534808666,0.01630568522274862,train
0.8541381103419801,0.14586188965801994,0.03459617563465728,train
0.7196046567261354,0.2803953432738646,0.03494024359563888,train
0.7692333530682189,0.23076664693178106,0.061142917965995386,train
0.6946849478930684,0.30531505210693155,0.07594401572860075,train
0.6380073118911229,0.3619926881088771,0.2225214250348437,train
0.7014492940197383,0.2985507059802617,3.162250466513331,train
0.8525776486367385,0.14742235136326154,0.013792513431325757,train
0.7969100919012201,0.20308990809877991,1.149201734525855,train
0.651675511432397,0.348324488567603,0.27438853538587493,train
0.8054470962500431,0.19455290374995693,1.9837468153940612,train
0.7852677779764565,0.21473222202354347,1.224876733788668,train
0.6861023102460914,0.31389768975390864,0.017623260054073758,train
0.851175531836393,0.14882446816360695,0.023704375240711742,train
0.6869101558962429,0.31308984410375706,1.9157794517025724,train
0.6872581079474418,0.3127418920525582,2.5196653010488737,train
0.6910394634487739,0.30896053655122613,1.568893256889818,train
0.7126122461049663,0.2873877538950337,2.2590645932040276,train
0.6798479424347588,0.32015205756524134,4.759398506713506,train
0.7872162081952877,0.2127837918047123,0.040964742061517026,train
0.8053559012925144,0.19464409870748556,0.03653129887278522,train
0.7085948371481174,0.29140516285188256,0.041445810056495135,train
0.6709149015967609,0.3290850984032391,0.18914922275131582,train
0.7776171593139349,0.22238284068606506,0.02525003406330521,train
0.7127390824086967,0.28726091759130334,1.984957754682435,train
0.6893798283959983,0.3106201716040017,0.01818634589670697,train
0.6922322755390831,0.30776772446091705,2.084758446159555,train
0.8971366048046969,0.10286339519530308,0.006953230377501719,train
0.8992527384595104,0.10074726154048963,0.02263926850748909,train
0.7718721518643593,0.2281278481356407,0.039702048597266046,train
0.7021328485241208,0.29786715147587917,0.016189218177203122,train
0.6546974045824012,0.3453025954175988,7.492425216400378,train
0.7803646402736051,0.21963535972639492,0.013150935232706629,train
0.7736587997393005,0.22634120026069948,0.02863084381526629,train
0.6261852615029767,0.3738147384970233,0.01822612431562342,train
0.7305486383047788,0.2694513616952212,0.015193657601386685,train
0.6277834567409916,0.37221654325900844,1.5080049654505294,train
0.8783628817056075,0.1216371182943925,0.008085963334215839,train
0.6678136492236544,0.3321863507763456,0.10443755820973265,train
0.8862347747656646,0.11376522523433541,0.019996413049086295,train
0.7671284781005258,0.23287152189947424,0.013730072534586907,train
0.6537974530647667,0.34620254693523334,0.2534115532307998,train
0.6933630943399349,0.3066369056600652,0.11321379908152723,train
0.7458481644489089,0.2541518355510911,0.014606187582421847,train
0.7671284781005258,0.23287152189947424,0.013730072534586907,train
0.5718824611185396,0.4281175388814604,0.05428175644872126,train
0.8555344992436275,0.14446550075637254,0.0152854264165072,train
0.7396594828885883,0.2603405171114117,0.014848121131288937,train
0.9042986971426457,0.09570130285735434,0.010838537714677786,train
0.8678259659233324,0.1321740340766676,0.03623732035563893,train
0.9271307071842366,0.07286929281576338,0.005538945777763048,train
0.7661912808029115,0.23380871919708845,0.03862141767435092,train
0.7861930372129101,0.21380696278708988,2.0912136334034566,train
0.6499991794547588,0.3500008205452412,0.01768651439355574,train
0.5785788444869512,0.4214211555130488,1.343126768233658,train
0.674084492223367,0.32591550777663303,1.4555558304258593,train
0.6806531728359828,0.3193468271640172,3.00287519686403,train
0.6924690787459928,0.30753092125400716,0.09020772058935995,train
0.6774373668937534,0.32256263310624655,1.7584791030036064,train
0.662531184802198,0.33746881519780203,3.335322765835687,train
0.7917913381493743,0.2082086618506257,0.05058587146592006,train
0.8090238443213061,0.19097615567869386,0.012760230634166234,train
0.8179709825397398,0.18202901746026023,2.101120671852862,train
0.8377658363409557,0.1622341636590443,0.011792300018615946,train
0.8514101229946932,0.1485898770053068,0.06943979053311246,train
0.6197461943244839,0.38025380567551614,0.04608523641464056,train
0.656680013468228,0.3433199865317721,6.2035658859404705,train
0.6063877710722032,0.3936122289277968,14.213538510474402,train
0.7001339993936995,0.29986600060630053,0.023764842825557367,train
0.79177221553893,0.20822778446107004,0.013116907344770046,train
0.7243856339516396,0.2756143660483604,0.01542017924295943,train
0.8079288429675112,0.19207115703248878,0.024016092480739062,train
0.6886692111997593,0.3113307888002408,0.054013072261387005,train
0.6890200398065024,0.3109799601934976,4.996735866997158,train
0.7675850041501106,0.23241499584988945,2.8025797444142255,train
0.8813639693815744,0.11863603061842565,0.07909606132426635,train
0.7043283950114642,0.29567160498853584,4.181401658573929,train
0.7966011268131734,0.2033988731868266,0.013841835915409528,train
0.651828356951384,0.34817164304861603,0.01764129455051011,train
0.7303518303069247,0.26964816969307526,0.01520098148391567,train
0.7314441692277708,0.2685558307722292,0.03471876768265849,train
0.6987497830665376,0.30125021693346243,0.029443211967025644,train
0.8959400362524402,0.10405996374755988,0.013056857923713585,train
0.7461886208865917,0.25381137911340823,0.08311201574603741,train
0.6137285426321653,0.38627145736783475,3.0487766552550712,train
0.7777235748702337,0.2222764251297663,0.013268570458926493,train
0.7967574387312395,0.2032425612687606,0.012397805241038408,train
0.7922586235532616,0.2077413764467384,0.028627790065341583,train
0.8074613504001666,0.19253864959983336,0.017237474762679766,train
0.8866264618628468,0.11337353813715323,0.0387193761190129,train
0.7825556369124332,0.21744436308756676,1.3644553804032507,train
0.8976414811157463,0.10235851888425362,0.03849337964193472,train
0.6729680519437902,0.32703194805620983,0.06192906659058206,train
0.6792266343463339,0.3207733656536661,1.7968075704447042,train
0.7000028385913325,0.2999971614086675,0.3334409724409701,train
0.6508391120707911,0.34916088792920885,8.11919785368312,train
0.621512994229439,0.37848700577056105,1.1684763948531407,train
0.5879174737972921,0.4120825262027079,13.133140098048312,train
0.729131340993293,0.270868659006707,1.3199058588790797,train
0.7370665245076975,0.2629334754923024,2.0219504068503764,train
0.8204968355092825,0.17950316449071746,0.021812671635924413,train
0.7601438803765102,0.23985611962348985,0.08977075496348409,train
0.630853293793499,0.36914670620650103,0.018127556120798194,train
0.5856761713701003,0.4143238286298997,0.06751195402716656,train
0.6048598593811704,0.3951401406188296,0.018631475970102864,train
0.756728497938439,0.243271502061561,0.014166763673211564,train
0.7983451158841455,0.20165488411585453,0.012322772453174624,train
0.8144909491560001,0.18550905084399993,0.015303949322933972,train
0.778639490731678,0.22136050926832196,0.01322789177007177,train
0.7434103711565871,0.25658962884341285,0.015313487628772925,train
0.6707822615426176,0.32921773845738245,3.9070071302948235,train
0.6339427167698936,0.36605728323010644,0.08030256651512283,train
0.7465315282169057,0.2534684717830943,0.016390636850335465,train
0.8149761153359396,0.1850238846640604,0.011514831277793361,train
0.7369266137465261,0.2630733862534739,0.1919784013992678,train
0.6776615309669699,0.3223384690330301,0.5619492329611804,train
0.7868348027966814,0.21316519720331872,0.1437737758096533,train
0.8678503580553715,0.13214964194462853,0.02109712895787495,train
0.7310943434671249,0.2689056565328751,0.02053178079102795,train
0.7902644137480517,0.20973558625194832,0.012700830575192602,train
0.7582093224542218,0.2417906775457781,0.23936452364828065,train
0.7770661363540082,0.22293386364599177,0.016427931952233583,train
0.6413137146044547,0.35868628539554526,0.017893903019298888,train
0.7870520819157606,0.2129479180842394,0.09952471699846667,train
0.7144305129678653,0.2855694870321347,3.7497962532667852,train
0.6325631029265975,0.36743689707340255,1.1379963581971768,train
0.7885119595348953,0.21148804046510472,1.7057839547522209,train
0.6982135173782913,0.3017864826217087,0.016316687645702974,train
0.8767846957919191,0.12321530420808091,0.009477560274434192,train
0.6825937513164411,0.31740624868355893,0.03844655757395158,train
0.7471521561983647,0.2528478438016353,0.3322047483052941,train
0.6334167409141053,0.36658325908589473,1.8976742077137296,train
0.7974931295745148,0.2025068704254852,0.15813736590277386,train
0.8172695709601967,0.1827304290398033,0.011400286392340992,train
0.7860481645766705,0.21395183542332952,0.0165136997417055,train
0.577412197679941,0.422587802320059,0.02552160050915258,train
0.585870361323851,0.41412963867614905,1.3973053810787033,train
0.797060422833199,0.202939577166801,2.5277430755716006,train
0.7813191766921835,0.21868082330781646,0.11126113745105821,train
0.8196477608052252,0.18035223919477494,0.0112807140205511,train
0.7513130730637951,0.24868692693620487,0.04822716309719478,train
0.71718680267066,0.28281319732933996,0.015677363190637197,train
0.6823621079946426,0.3176378920053574,0.016807648806765968,train
0.8123989166848575,0.18760108331514247,2.220152621051146,train
0.8871501594944172,0.11284984050558278,0.0075568109625199,train
0.6423982196152013,0.35760178038479873,0.017868669924809132,train
0.7174747727857843,0.2825252272142157,0.01566722896050159,train
0.6474373757489565,0.35256262425104357,0.01910528484821828,train
0.748848916805244,0.251151083194756,3.408783955049692,train
0.8855860657967666,0.11441393420323343,0.009544198170481494,train
0.8812072983143717,0.11879270168562828,0.007909698492121999,train
0.7108227554372203,0.2891772445627797,0.01589804699968729,train
0.9045213878719709,0.0954786121280291,0.006904279660093305,train
0.6370056834145262,0.36299431658547376,0.02490072067763875,train
0.7786391619808277,0.22136083801917228,0.11155844197078654,train
0.5991986368290504,0.4008013631709496,0.020618316939718134,train
0.9040497348947713,0.09595026510522875,0.006527695113526507,train
0.734775127840408,0.265224872159592,0.13095665538292095,train
0.7654393300128906,0.23456066998710945,0.018114544149461145,train
0.6429113074352495,0.3570886925647505,1.3432020813370378,train
0.5964002914847181,0.40359970851528193,16.449694890685237,train
0.5349701775283501,0.4650298224716499,1.9498761105119131,train
0.8875453772622093,0.11245462273779072,0.0075331756226977185,train
0.7174785303171157,0.2825214696828843,1.3742002620579652,train
0.7222751212355195,0.2777248787644805,0.02005154336229153,train
0.7378507999212993,0.2621492000787007,1.8648625769862361,train
0.9091014725330455,0.09089852746695448,0.060998808520393785,train
0.7815080111655943,0.21849198883440568,0.02128600325985295,train
0.678327055832382,0.32167294416761805,1.7567004928532235,train
0.7226552675636224,0.2773447324363776,0.021028172125472724,train
0.7572893752082241,0.24271062479177585,3.0199253307105396,train
0.7646695937513237,0.2353304062486763,0.0138347837704029,train
0.6278190418331542,0.3721809581668458,0.018192026977730993,train
0.6815790147419043,0.3184209852580957,0.34255082639888235,train
0.692405165064125,0.30759483493587503,0.016501171284683782,train
0.7544812191526525,0.24551878084734746,1.294560088179527,train
0.601421343782851,0.39857865621714905,1.766294809687605,train
0.795542579684144,0.204457420315856,0.012454970580451113,train
0.7636673773482793,0.23633262265172073,0.05839805233059003,train
0.6079215887942332,0.3920784112057668,13.347740845653947,train
0.6992638846861825,0.3007361153138175,0.0162827618524755,train
0.8843320101891893,0.11566798981081072,0.00849176199639139,train
0.6956450566539174,0.3043549433460826,0.1603227679791722,train
0.7084541529683143,0.29154584703168573,0.04562588544317999,train
0.7452751273969037,0.2547248726030963,1.9349875654584476,train
0.8723038003046258,0.12769619969537427,1.7381492138705308,train
0.826273891279344,0.17372610872065597,0.0158751235513363,train
0.7773925429685333,0.22260745703146667,0.14317014283876958,train
0.7066116808308675,0.29338831916913255,4.042992428852426,train
0.787684728524971,0.21231527147502904,0.012819508479240729,train
0.7550637014123444,0.24493629858765564,0.030142679258153532,train
0.6664531158257934,0.33354688417420675,0.01726051107338034,train
0.7472355856153443,0.2527644143846558,0.014551150546796883,train
0.7094979222082612,0.29050207779173876,0.06759498580386934,train
0.685681829155752,0.31431817084424796,0.016708100639354777,train
0.7864434293155502,0.21355657068444978,0.07995811895592149,train
0.6921610065485694,0.3078389934514306,0.020372883043343105,train
0.770910493784859,0.22908950621514101,0.2042593330243077,train
0.7041812216637178,0.29581877833628234,0.016121643632756418,train
0.66496731635205,0.33503268364795014,0.034200426540510684,train
0.7529475490302905,0.24705245096970951,0.03247643836079715,train
0.9043441633968153,0.09565583660318466,0.0157525863913516,train
0.8671538228534884,0.1328461771465116,1.0657115033204192,train
0.7113744180617249,0.28862558193827526,4.3583149779678365,train
0.6489582743028587,0.3510417256971413,0.019152348382320543,train
0.9045065205593926,0.09549347944060738,0.0266622438298114,train
0.8603089031503125,0.1396910968496875,0.16761962595904165,train
0.7637573405595615,0.23624265944043854,0.40114184750144505,train
0.7320237578016944,0.2679762421983056,0.015138574361417521,train
0.7363953726537749,0.26360462734622514,0.020183756484144614,train
0.7790206269249289,0.2209793730750711,0.013210927714408913,train
0.646628012166423,0.35337198783357704,0.01784807778188049,train
0.6062826249430733,0.3937173750569267,0.018606734517250256,train
0.8115059681892766,0.18849403181072344,0.02792689318592831,train
0.6908620627477569,0.30913793725224314,2.874209251391579,train
0.8697590672847479,0.13024093271525206,0.1233773310294062,train
0.7047447067903831,0.29525529320961685,0.04591372511425783,train
0.8178094409662551,0.18219055903374493,0.09324486824306094,train
0.8176513427836531,0.18234865721634685,0.02363009632622193,train
0.7615643820277092,0.23843561797229085,0.04480171928215985,train
0.7326933380384879,0.267306661961512,0.058757507653610076,train
0.7373239460370302,0.26267605396296967,0.01858194688284569,train
0.6260052341368738,0.3739947658631262,0.1950146760169293,train
0.7676592805626351,0.2323407194373649,0.017903021366687377,train
0.5818750347929216,0.4181249652070784,0.018985357833016425,train
0.7956191205090557,0.2043808794909443,0.013366544857091487,train
0.7477003397292648,0.25229966027073525,0.026332201488206572,train
0.912509242144503,0.08749075785549687,0.00810417726321064,train
0.8557921036371251,0.1442078963628749,0.011301612280794309,train
0.6532752089524713,0.34672479104752874,0.2224579761126927,train
0.8905673104433514,0.10943268955664864,0.0226494969828286,train
0.7558521417622576,0.24414785823774243,2.5328364168651287,train
0.7884295872695329,0.21157041273046706,0.2656302226465828,train
0.6809454005306773,0.3190545994693227,0.16300591589446534,train
0.7311268479549625,0.2688731520450375,0.1653445178539689,train
0.7092009374092709,0.2907990625907291,1.4641010022739769,train
0.6252602662432363,0.3747397337567637,2.936401451507197,train
0.7545801120947776,0.2454198879052224,2.280598106976908,train
0.6826944196455317,0.3173055803544683,0.01679776212137448,train
0.6654377623923036,0.33456223760769643,0.08932408122797744,train
0.7539709608861486,0.24602903911385143,0.014279824634781222,train
0.8944464373329581,0.10555356266704174,0.007117123504328316,train
0.6385388518212173,0.3614611481787827,0.02262161576977255,train
0.6820492449482991,0.3179507550517009,0.02427370518012789,train
0.8239608523409784,0.17603914765902162,0.10382419338470386,train
0.6954463233980331,0.30455367660196686,0.06306718550968328,train
0.8663238582727769,0.13367614172722309,0.028211406586532844,train
0.902111274400741,0.09788872559925899,0.08757836259357712,train
0.7601403158424943,0.2398596841575057,0.014025291966191648,train
0.7940360874018237,0.20596391259817626,0.017971873114382683,train
0.765198331259062,0.234801668740938,0.0138123438922942,train
0.7918464582661198,0.20815354173388023,0.07233605617482079,train
0.6865147509766371,0.31348524902336294,0.23709708498478238,train
0.8873802923541726,0.1126197076458274,0.04535079129205998,train
0.7240254378956265,0.27597456210437354,1.4651738382494996,train
0.9073510713914997,0.09264892860850027,0.006597699103128887,train
0.799872597447891,0.20012740255210903,0.024648920910611265,train
0.6496050214713717,0.35039497852862833,0.018110771393236937,train
0.885645382921918,0.11435461707808203,0.12281708993183463,train
0.6411438601912153,0.3588561398087847,0.02233825874045794,train
0.7925713110387247,0.2074286889612753,0.012593875532870016,train
0.6522262471225814,0.34777375287741874,2.1450211913534174,train
0.8019785771345904,0.19802142286540958,0.012149676247650884,train
0.6867134042199817,0.3132865957800183,1.1378166557113703,train
0.5957027488695672,0.4042972511304329,0.021389910181543622,train
0.5836819068787334,0.41631809312126655,1.366900055401594,train
0.7842043196627595,0.2157956803372405,0.03479314522328394,train
0.7684797671630899,0.23152023283691014,0.013672143310374094,train
0.8424057454134283,0.15759425458657172,0.010095862018149727,train
0.7976472369069424,0.2023527630930576,0.012355799099093229,train
0.6573482673297308,0.34265173267026916,0.03045013855087062,train
0.7731619273228615,0.2268380726771385,1.4946709992228746,train
0.7516506937367277,0.24834930626327234,0.19282496168955182,train
0.7810265303702472,0.21897346962975284,0.1935758289073881,train
0.7669913474353345,0.23300865256466552,0.4024334569421491,train
0.8002031702264617,0.1997968297735383,1.5179454590702133,train
0.817568093215204,0.18243190678479604,0.15082937387569045,train
0.6493950821934203,0.35060491780657965,7.540569361728045,train
0.7770335471495258,0.22296645285047423,0.015700663498084508,train
0.676295072281741,0.323704927718259,0.21800746927205616,train
0.9214898283895138,0.07851017161048623,0.026438172777614437,train
0.6776133036516541,0.32238669634834594,0.016947025533899075,train
0.7339631583591937,0.2660368416408063,1.5057730407979475,train
0.5814297255638936,0.4185702744361064,8.467209602216279,train
0.6487643470405954,0.3512356529594046,0.0529784900519392,train
0.602367575510151,0.39763242448984903,0.021527877742416164,train
0.6724618536214618,0.3275381463785382,0.017094183918850838,train
0.7909726864893457,0.2090273135106543,0.05589042468038099,train
0.7563945985739882,0.24360540142601184,0.03564144038102228,train
0.689720229331007,0.31027977066899304,0.03220863932153694,train
0.6288639831377958,0.3711360168622042,0.07109850073026251,train
0.6467250326876114,0.3532749673123886,7.239611708323291,train
0.7444209417143309,0.25557905828566907,0.014944628486004943,train
0.70925599271927,0.29074400728073,0.12278874347052954,train
0.7344426205282225,0.2655573794717775,0.031333507348532665,train
0.7329397230587421,0.2670602769412579,2.446699990825148,train
0.9000450127583969,0.09995498724160301,0.006774968752753795,train
0.7444551425096679,0.25554485749033207,0.014661152813625978,train
0.6387115826668166,0.3612884173331834,0.11725815449713461,train
0.6441273536444619,0.35587264635553806,0.023242915136548317,train
0.8687028911017034,0.1312971088982966,0.008636698206065498,train
0.7403217483492582,0.25967825165074176,0.048875456887532955,train
0.6903045228916219,0.3096954771083781,0.016566587989239132,train
0.5934021756465706,0.4065978243534294,0.028207974625591586,train
0.6917099150638255,0.3082900849361745,0.01953547798935606,train
0.777531905827343,0.222468094172657,0.013277067355250105,train
0.735025697689129,0.26497430231087105,0.021310030872766558,train
0.8469756734411035,0.15302432655889653,0.014081017667293947,train
0.8384565960877395,0.16154340391226052,0.091572468099172,train
0.7425524114202402,0.2574475885797598,0.045251454707811965,train
0.6627414600597806,0.33725853994021937,0.12283184857767977,train
0.6617702545295624,0.3382297454704376,0.519875960352203,train
0.8054470962500431,0.19455290374995693,0.01198264945493715,train
0.7142705996770087,0.2857294003229913,0.03906747141706786,train
0.7752871298067805,0.2247128701932195,0.013908755767668294,train
0.888316174926171,0.11168382507382901,0.04593276468998484,train
0.8059351034819691,0.19406489651803094,0.011959009568221383,train
0.6893798283959983,0.3106201716040017,0.017856083060669797,train
0.6189399621440848,0.38106003785591525,7.210314303766742,train
0.6593207108141589,0.3406792891858412,0.025522883658421987,train
0.6735024869912629,0.3264975130087371,1.8056612628242836,train
0.693313035346256,0.306686964653744,0.01647268455289872,train
0.7376356783364045,0.26236432166359547,1.497831248566766,train
0.7156869257054523,0.28431307429454766,0.015729939267075485,train
0.7468648441115158,0.25313515588848423,0.428062007276295,train
0.7065211101463553,0.2934788898536447,0.05899383119481543,train
0.6734281011060128,0.3265718988939872,0.0170669022076992,train
0.7914565547794357,0.20854344522056434,0.24082238420059443,train
0.6725395555067389,0.32746044449326106,0.2180064036247736,train
0.7695575530727409,0.23044244692725913,0.09115189399049464,train
0.7549875655948942,0.24501243440510578,0.020617252917128515,train
0.8115786775376534,0.18842132246234655,1.128644418068693,train
0.6705250771335848,0.3294749228664152,0.12498042492835276,train
0.71239161882189,0.28760838117810994,0.01584422746766454,train
0.7709227044441066,0.2290772955558934,0.014728946261279036,train
0.7180506741601466,0.28194932583985344,0.01771607115970281,train
0.7832729075677799,0.2167270924322201,0.013020205516707167,train
0.5815699260947484,0.41843007390525166,0.021360788851689776,train
0.65741893536149,0.34258106463851,2.3467431426346126,train
0.787562573318534,0.21243742668146604,0.015743639823185024,train
0.7880001283265887,0.21199987167341128,0.3443074105594952,train
0.7647598720180508,0.23524012798194915,0.019448182942534628,train
0.6456000723151826,0.35439992768481743,7.882357691591799,train
0.7456355344077457,0.25436446559225434,0.014614596499891847,train
0.7739210888901393,0.22607891110986067,0.014326445644131613,train
0.7199975196466982,0.2800024803533019,0.08686997990350938,train
0.7600865608822552,0.23991343911774465,0.014027534496546612,train
0.7513293099237318,0.24867069007626819,0.01693890783315655,train
0.7911392613651064,0.20886073863489352,0.027982917715440064,train
0.7134242029748877,0.28657579702511227,0.015808596413759157,train
0.8129925692629972,0.18700743073700277,0.03201373622152033,train
0.7800343019959391,0.21996569800406085,0.013165705250683429,train
0.868987929609387,0.13101207039061302,0.008620362016718154,train
0.7312753245965423,0.2687246754034577,0.020480534350014963,train
0.857206403604417,0.14279359639558298,0.009286338133164512,train
0.7469061079403808,0.2530938920596192,0.014564246901395893,train
0.6839052923770359,0.3160947076229641,0.07471246553901961,train
0.7942550561469384,0.20574494385306163,0.015481222071364289,train
0.854367139701088,0.14563286029891198,0.013615847510623065,train
0.7837967373216498,0.21620326267835022,0.03233869722434378,train
0.9149120547726045,0.08508794522739549,0.007335671090534095,train
0.8723038003046258,0.12769619969537427,0.008429511136866961,train
0.8847872769918975,0.11521272300810248,0.011155137754759525,train
0.8731173162544126,0.12688268374558742,0.1261592642755952,train
0.7489658872662793,0.25103411273372067,0.2547106273270474,train
0.7342837217030977,0.26571627829690225,2.4263808106320757,train
0.7544622720920601,0.24553772790793993,0.015760826004721912,train
0.7739830303107509,0.22601696968924911,2.401693993501259,train
0.7199029170859018,0.2800970829140982,0.08798086517839045,train
0.7173466482179726,0.28265335178202744,0.018880699139955635,train
0.6683318646196335,0.33166813538036666,1.3688902005143555,train
0.7375210018663867,0.2624789981336133,0.016945385268573792,train
0.7702574849017869,0.22974251509821308,0.0180987500106378,train
0.6825291265725311,0.31747087342746894,0.016802681975092427,train
0.764717449152814,0.23528255084718597,2.0302578032595266,train
0.7255575570145296,0.2744424429854704,3.0710893763311633,train
0.7935411558163925,0.2064588441836075,0.19034434500053452,train
0.7958388340169942,0.20416116598300582,0.022462478749742047,train
0.7310269830748889,0.2689730169251111,1.3181808551552492,train
0.9023480436936981,0.09765195630630186,1.2271841535940988,train
0.6910713280072558,0.3089286719927442,0.018578802936144077,train
0.6294682024017447,0.3705317975982553,1.8671203748151801,train
0.8022026684004749,0.19779733159952506,0.012138937839397424,train
0.6209366409481207,0.37906335905187927,0.02153611979370421,train
0.6355940224538612,0.3644059775461388,0.24700765307709358,train
0.7790417429079471,0.22095825709205286,0.11281520196691314,train
0.7893979559188662,0.2106020440811338,2.6035504315251994,train
0.6707706387762551,0.329229361223745,0.6162267668060117,train
0.7198317720417263,0.2801682279582737,1.2725202193430412,train
0.6863101393597754,0.31368986064022475,2.2773511177147907,train
0.8858035917846272,0.1141964082153728,1.3240390349672304,train
0.7309891614233538,0.2690108385766462,3.7727102715790255,train
0.6459628571847625,0.35403714281523757,0.02365876378440725,train
0.7872162081952877,0.2127837918047123,2.4585323991382197,train
0.6978059350649717,0.3021940649350283,0.4958191277768683,train
0.7445204059769304,0.25547959402306963,0.01940383636727907,train
0.6754352116334161,0.324564788366584,0.030848233734623927,train
0.6122314710467573,0.38776852895324265,2.7269636818470557,train
0.7095495908365927,0.29045040916340725,0.4700441484814039,train
0.6484857962712365,0.3515142037287635,0.017723521846436722,train
0.884887712010772,0.11511228798922801,0.022716462435981934,train
0.6717889220367622,0.3282110779632378,2.3466409484043718,train
0.7900622519720065,0.20993774802799348,0.01651278263969992,train
0.5989112795172749,0.40108872048272515,15.870223967229233,train
0.6108654842276446,0.38913451577235536,2.515471173929018,train
0.7043283950114642,0.29567160498853584,0.051633541581452364,train
0.6862954848055626,0.3137045151944374,0.1373170355481816,train
0.7402671552716283,0.25973284472837166,0.014824623574281593,train
0.7079477091504858,0.29205229084951423,0.015995682218141356,train
0.7509361297950211,0.2490638702049789,0.014402928322473914,train
0.7591162544114693,0.24088374558853065,2.9085346959578566,train
0.8496132528596749,0.15038674714032507,0.009705443520215233,train
0.7735774610207978,0.22642253897920217,0.013451156019261173,train
0.874437591913494,0.12556240808650598,0.015652001086895538,train
0.7659230353890664,0.23407696461093364,1.2845242584272456,train
0.831766471347613,0.16823352865238705,0.09267135274737819,train
0.6976944615288218,0.30230553847117825,0.09761812574950703,train
0.6941033835307451,0.3058966164692549,0.016447780052545883,train
0.6924017121188107,0.30759828788118937,1.2975242427625937,train
0.585088782733876,0.414911217266124,3.747330508251168,train
0.5997134959113396,0.4002865040886604,0.018718213243695023,train
0.8540315756076411,0.1459684243923589,0.010559862507654312,train
0.7758850434329166,0.22411495656708336,0.030852836521716654,train
0.8777428621476552,0.12225713785234482,0.11580434020185307,train
0.8066343119520172,0.19336568804798282,1.4342068667189505,train
0.6152296046744777,0.38477039532552226,8.577500637612127,train
0.7253232304064435,0.27467676959355636,0.015386094559220131,train
0.6767764198245912,0.32322358017540875,3.756310109770492,train
0.8884674921603343,0.11153250783966573,0.007477949179715857,train
0.6591713093286667,0.34082869067133337,6.958434795467604,train
0.6999948902947603,0.30000510970523975,2.962295845568538,train
0.7876388914422041,0.21236110855779589,0.01282160836732159,train
0.7234710757271009,0.2765289242728991,0.015453295957529903,train
0.6892301698225592,0.31076983017744075,0.23510819115757406,train
0.6993043444797594,0.3006956555202406,0.02307340106376783,train
0.8387893095096401,0.16121069049035985,0.023951802848871998,train
0.5818750347929216,0.4181249652070784,4.910004847853503,train
0.6483899747956364,0.3516100252043636,0.017725852645984735,train
0.7991563659606064,0.20084363403939365,0.08643352053596084,train
0.7231560019186263,0.2768439980813736,3.972934761939255,train
0.680717106951226,0.319282893048774,2.4774579702607142,train
0.8806110618527683,0.11938893814723173,0.009545464975197827,train
0.751529550728961,0.248470449271039,0.1381616801839134,train
0.7003096759371887,0.29969032406281126,1.7693613571927285,train
0.7089827576406796,0.29101724235932025,0.10980956763328927,train
0.7484214585685598,0.2515785414314402,0.016495218851007753,train
0.795565555800633,0.20443444419936696,0.019685103888612703,train
0.7005817512827831,0.2994182487172169,0.07978130372804633,train
0.8221511698107249,0.1778488301892751,0.011153972703520375,train
0.6819334965540387,0.3180665034459613,0.155694109145484,train
0.8514413234535301,0.14855867654646993,0.039878645181499736,train
0.8488767041821627,0.15112329581783723,0.028344859270939795,train
0.7245411533834647,0.2754588466165353,0.08584203437936433,train
0.8030134114294627,0.1969865885705373,0.0504950003746501,train
0.7838934850828149,0.21610651491718513,0.02545747477822419,train
0.6405881685485523,0.3594118314514476,0.03776315224474933,train
0.7519706209182118,0.24802937908178824,0.014361121970109704,train
0.7603014660800574,0.23969853391994256,0.042269328629391506,train
0.8050517588417007,0.19494824115829934,0.021845007969270126,train
0.773782521867525,0.22621747813247495,0.014698472685818711,train
0.6002335411652632,0.3997664588347368,0.01870964463060221,train
0.8911533483001747,0.10884665169982533,0.007316446009987281,train
0.6932913628241765,0.30670863717582353,0.052440687750388446,train
0.7617837649542152,0.23821623504578482,0.33039761189074973,train
0.7032362423458197,0.2967637576541803,0.01694560185172813,train
0.7076419745877094,0.2923580254122906,3.1944950563403034,train
0.7826686433195266,0.21733135668047343,1.570106230492441,train
0.8837819615090495,0.11621803849095047,0.00869799047919063,train
0.7053589784740258,0.29464102152597416,0.09204448592939275,train
0.7667516492566319,0.23324835074336814,2.0583986539434904,train
0.610264562520785,0.389735437479215,0.018535737033967426,train
0.7476491306965618,0.2523508693034382,2.9794429380758136,train
0.7955219286260335,0.20447807137396645,0.01542433900161351,train
0.7714768597126486,0.22852314028735143,1.8555963293532627,train
0.6054948868034565,0.39450511319654347,2.3377674198277085,train
0.9153517191947093,0.08464828080529074,0.016808123272958195,train
0.6572855543481222,0.3427144456518778,2.2332258252396087,train
0.9233141720907437,0.07668582790925627,0.005309087934925193,train
0.7950601042101202,0.2049398957898798,0.014926635145889992,train
0.7954673946286736,0.20453260537132645,1.3902920250163973,train
0.7153646758935502,0.28463532410644976,2.5292417328850045,train
0.7209820167997536,0.2790179832002463,1.6084451709831507,train
0.7226294151600394,0.2773705848399606,0.021583273733882028,train
0.5857454794310907,0.4142545205689093,0.022080844222181047,train
0.76826395337033,0.23173604662966996,0.15687557949480085,train
0.6447554260651807,0.35524457393481934,0.12009049758340573,train
0.7140049359399957,0.2859950640600043,0.01578848458215457,train
0.6534303309519994,0.3465696690480006,0.4571379256409346,train
0.6898746804947096,0.31012531950529043,3.3631839474478764,train
0.7985206036693846,0.2014793963306154,0.014433504749390163,train
0.8087878861730841,0.19121211382691605,0.011820127025112958,train
0.6970821616694836,0.30291783833051644,0.01970615708144861,train
0.7030125867289148,0.29698741327108524,0.06686498153209673,train
0.720775853710143,0.27922414628985703,0.19485294438553347,train
0.7032559954044908,0.2967440045955092,3.6680356921645676,train
0.7918242543079773,0.20817574569202268,0.012628596798752476,train
0.7444217128529158,0.2555782871470841,0.032331322034107636,train
0.7935397886790344,0.2064602113209656,0.03046540202775999,train
0.8257178735155212,0.17428212648447883,0.010971856734415378,train
0.7997521590999581,0.20024784090004188,0.01663682528856908,train
0.8447291658360548,0.15527083416394516,0.01220062883946443,train
0.8878924760676233,0.11210752393237666,0.05893969016500346,train
0.7344501302690218,0.26554986973097816,0.05540083800258486,train
0.8395837777031373,0.1604162222968627,0.010274797229148685,train
0.7078841270021573,0.2921158729978427,0.027169369029105852,train
0.5437609814598434,0.4562390185401566,0.027010471621848938,train
0.8404819646130519,0.1595180353869481,0.02243096633043756,train
0.591603861625626,0.40839613837437405,1.6015916991737378,train
0.8851084300746472,0.11489156992535277,0.06968629666824129,train
0.7269082175749516,0.2730917824250484,0.023759103611370912,train
0.89467141137499,0.10532858862501004,0.00895871584916176,train
0.6727328961665291,0.3272671038334709,1.6335804105249552,train
0.9183139822675064,0.08168601773249362,1.1569828121641166,train
0.7544168878844618,0.2455831121155383,0.06999748298277937,train
0.6078651928991339,0.3921348071008661,2.800119008946304,train
0.7550407498994202,0.24495925010057984,0.08530019613724504,train
0.7974472673353349,0.2025527326646651,0.012365249441239698,train
0.6317968654329089,0.3682031345670911,0.5612770572845591,train
0.6522370494866129,0.3477629505133871,0.1216834971349918,train
0.5452657588557159,0.45473424114428407,0.07050953004883395,train
0.7625738662517881,0.23742613374821187,0.02023451238097455,train
0.5926374108707088,0.40736258912929124,1.869809611071388,train
0.7261009035862981,0.2738990964137019,0.01775615628676533,train
0.7206503111942425,0.2793496888057575,0.05620289673475461,train
0.6772686495938178,0.32273135040618217,0.022803577293425546,train
0.7228399424023272,0.2771600575976728,0.015476074512163627,train
0.7681163969999425,0.23188360300005761,0.04482192583776024,train
0.8819399211890664,0.11806007881093361,0.007866450740079543,train
0.7678198974337486,0.23218010256625143,1.1270836840887808,train
0.7666266918699008,0.23337330813009916,0.0589326402475723,train
0.5855749729064121,0.41442502709358786,5.187970218890174,train
0.7889667608228206,0.21103323917717942,0.012760650964692609,train
0.6468377269178585,0.35316227308214154,0.03911024102623048,train
0.6974350709918077,0.3025649290081923,0.016341719273213165,train
0.9148750937244866,0.08512490627551339,0.007190059939869993,train
0.716787155074122,0.28321284492587795,0.018817852568649696,train
0.7129804818321374,0.28701951816786264,0.1349836370555943,train
0.8885930477037254,0.11140695229627462,0.007470420769001027,train
0.8087280182303153,0.19127198176968474,1.6860566817566767,train
0.7710940054264589,0.2289059945735411,0.06541889353591054,train
0.49905496575713215,0.5009450342428678,2.366112029789441,train
0.7430385204363726,0.25696147956362736,0.014716746849338002,train
0.7299984400680999,0.2700015599319001,3.3511900806498,train
0.6931802238703223,0.3068197761296777,2.9450079051836404,train
0.7543518162757655,0.24564818372423447,0.31358030747796406,train
0.8537760368107739,0.14622396318922615,0.06422581620917074,train
0.6994235499656768,0.3005764500343232,0.01877044664421985,train
0.8039948322349735,0.19600516776502652,0.03565911467869431,train
0.800238503174456,0.199761496825544,0.03343429024600017,train
0.5999498852873031,0.4000501147126969,0.028820062358255773,train
0.6193896020059033,0.3806103979940967,10.497486397806222,train
0.6453302747082841,0.3546697252917159,0.5974269888254868,train
0.6504760454892149,0.3495239545107851,0.018547417492565058,train
0.6436581915713292,0.3563418084286708,0.01783911669210182,train
0.7501422232217831,0.24985777677821686,2.4422473312971196,train
0.8630460899822059,0.1369539100177941,0.03505196313283591,train
0.9125448299558269,0.08745517004417314,0.007840784236609534,train
0.6924832948869531,0.30751670511304685,0.016498724852009792,train
0.5146442870687578,0.48535571293124224,11.190779977058577,train
0.7155495648165201,0.2844504351834799,0.29081125778097683,train
0.6493088209791688,0.35069117902083125,0.02029034729088134,train
0.7508151329340043,0.24918486706599574,0.05896507443998854,train
0.8019510492916521,0.19804895070834794,2.1019036878139836,train
0.7997681188713683,0.20023188112863177,0.017270825587771245,train
0.6906445434997156,0.3093554565002844,0.016556046341781965,train
0.9041026660606744,0.09589733393932565,0.008670900602828132,train
0.8274298825383077,0.17257011746169226,0.1253011191376386,train
0.5786299057786547,0.4213700942213453,0.03423509748623996,train
0.8602390049439722,0.1397609950560278,0.028189135752836075,train
0.6934759321353272,0.3065240678646728,0.016467559564319497,train
0.8652663504033826,0.13473364959661738,0.07888418479967332,train
0.7765978932547744,0.22340210674522565,0.013318395218623203,train
0.7339077089719086,0.2660922910280914,0.015067739832937419,train
0.8490342591957866,0.15096574080421343,0.011985421162515327,train
0.6776045535821545,0.32239544641784545,3.080849208967798,train
0.7901303997127963,0.2098696002872038,0.20031791492979276,train
0.6926887915264183,0.30731120847358173,0.02362708634903092,train
0.7828388434806638,0.2171611565193362,0.018593678461885723,train
0.6917945607512348,0.3082054392487652,2.461340634753691,train
0.7525151483707098,0.24748485162929024,0.014339051283516225,train
0.6804226427081007,0.3195773572918993,0.28977778936849685,train
0.7743710062540141,0.22562899374598588,0.017850651686677006,train
0.7982791081524148,0.20172089184758524,0.012325899262087861,train
0.8304787518145487,0.16952124818545133,0.019137829102609104,train
0.558585875792913,0.44141412420708703,7.690098491895101,train
0.9234725706178791,0.07652742938212087,0.008915222397657355,train
0.6506788304659976,0.3493211695340024,1.8754373930495425,train
0.8563396948233514,0.14366030517664863,0.1560515655794163,train
0.7556120765278113,0.24438792347218874,0.01867813588288136,train
0.733955965718495,0.266044034281505,0.2841496187019137,train
0.7760101181088334,0.22398988189116664,0.01334433656374119,train
0.7099618115880193,0.2900381884119807,0.037296468371126636,train
0.6726495218321469,0.3273504781678531,4.344013707532662,train
0.6638576851898799,0.33614231481012025,6.323900285454213,train
0.7567273787266402,0.2432726212733598,0.019950623880784488,train
0.9082003308119463,0.09179966918805371,0.00813887449777463,train
0.7422450270178258,0.2577549729821741,0.014747753419357985,train
0.6316758780044119,0.36832412199558806,2.823031745285545,train
0.6466302866487957,0.3533697133512044,0.6096866349695423,train
0.7569656042272153,0.24303439577278474,0.01908264586207163,train
0.6633932886783979,0.33660671132160214,0.0173430029522349,train
0.859766777720864,0.14023322227913604,0.009143224825260915,train
0.767455188027385,0.232544811972615,0.06803421939280602,train
0.6966247915671638,0.30337520843283616,0.01636767373927952,train
0.6698133422319232,0.33018665776807676,0.7147771545450269,train
0.7782559093425905,0.22174409065740952,0.03532597744392252,train
0.6109579371208617,0.38904206287913823,0.06398336835705977,train
0.8971018806713775,0.10289811932862247,0.058691636358132494,train
0.8062961652414329,0.19370383475856712,0.2907321212303467,train
0.9048591116346685,0.09514088836533152,0.07660403185812537,train
0.8886932474619088,0.11130675253809119,0.008350919168451864,train
0.8402641448118086,0.15973585518819144,0.010210471796074113,train
0.840030081562415,0.159969918437585,0.010222958987088696,train
0.7182871308815861,0.281712869118414,0.01563857135774704,train
0.7610152960932074,0.2389847039067926,0.013988728826012225,train
0.6737286974798401,0.3262713025201599,3.4012252020935723,train
0.707634711401636,0.29236528859836397,0.021430500636024113,train
0.7397276544573508,0.2602723455426492,2.8968323926394164,train
0.7118533879191019,0.2881466120808981,0.015862734430699025,train
0.6746810322605549,0.32531896773944513,0.44844331140155697,train
0.71951425549225,0.28048574450775,0.015595088533607911,train
0.8346190276841953,0.16538097231580473,0.01050949302100802,train
0.7050305662066182,0.2949694337933818,1.9774137682306763,train
0.7461886208865917,0.25381137911340823,2.872701046945384,train
0.6778032744505673,0.3221967255494327,0.1281038193296947,train
0.7070653136346016,0.29293468636539843,0.018498914622422962,train
0.7542895610672651,0.24571043893273492,0.014266820391740327,train
0.692113886771561,0.30788611322843895,0.49150356941481177,train
0.7695060721137486,0.23049392788625145,0.018646820463556864,train
0.7440426503177325,0.25595734968226747,0.02621440066698966,train
0.5746649213992397,0.42533507860076025,0.019078537308142168,train
0.6547578767366155,0.34524212326338466,0.017567756185839726,train
0.7908851038832021,0.2091148961167979,2.6801577311355675,train
0.6911382071278158,0.3088617928721842,1.731607304986405,train
0.7119157975948304,0.28808420240516963,0.0187342780391973,train
0.7235700623570545,0.27642993764294554,2.085929076513859,train
0.7451192836295851,0.2548807163704149,0.44641533753991575,train
0.7215796731196542,0.2784203268803458,0.015521375747792521,train
0.7569743325694217,0.2430256674305783,0.014156628647092289,train
0.7348731303131705,0.2651268696868295,2.2733725221148022,train
0.6332376441869828,0.3667623558130172,0.01807585031304179,train
0.7708745328416284,0.22912546715837168,0.013568811308114392,train
0.8463319361444969,0.15366806385550313,0.01090224709533074,train
0.6504844744943619,0.34951552550563814,0.017674569482486812,train
0.7941690950455607,0.20583090495443934,1.069919201757871,train
0.6712023177078557,0.32879768229214434,0.02928787442288071,train
0.6229095045130637,0.3770904954869363,2.35272481017807,train
0.7212411412867631,0.2787588587132369,0.015533502753689072,train
0.6355056640557531,0.36449433594424685,0.020574012233957197,train
0.7903479801004676,0.20965201989953242,0.024561331098342395,train
0.8578558685872913,0.14214413141270876,0.009783209294109202,train
0.824562985867078,0.175437014132922,0.011648358382404255,train
0.6712023177078557,0.32879768229214434,1.2854948711824605,train
0.6794466252821697,0.3205533747178303,0.02236403480260616,train
0.8514101229946932,0.1485898770053068,0.009606985330348502,train
0.7947904659794439,0.20520953402055608,0.015941359315635707,train
0.6137793819376147,0.3862206180623853,0.11447751875566282,train
0.7252458817658903,0.27475411823410967,0.22028920440228691,train
0.6894418809195636,0.3105581190804364,0.016593250896824393,train
0.6433296768330101,0.3566703231669899,0.01784684676115163,train
0.7581955102084135,0.24180448979158653,0.014106148301101792,train
0.6638876645685919,0.33611233543140817,0.041043085339180815,train
0.7575937415581858,0.24240625844181418,0.014131051921499575,train
0.7832728670946834,0.21672713290531664,0.017372373154004507,train
0.8676785201595457,0.13232147984045428,0.05508207301891247,train
0.7055690886885968,0.2944309113114032,0.04900573567318177,train
0.6799406031352839,0.3200593968647161,0.016879165027954293,train
0.7287392191533196,0.27126078084668037,2.0205140086901663,train
0.8037713722163194,0.19622862778368055,2.405392355775248,train
0.7489906082741888,0.25100939172581105,0.020738579542324376,train
0.8834315166708356,0.11656848332916436,0.010467928847911114,train
0.7879013549209449,0.21209864507905496,0.08792025380300994,train
0.7583484639560802,0.24165153604391976,0.08176894974133375,train
0.7503465636229212,0.24965343637707893,0.015300130273848354,train
0.6083966163013419,0.3916033836986581,0.23220867101800896,train
0.6743913993358616,0.32560860066413844,0.3079909060870583,train
0.781820528853724,0.218179471146276,0.01615039852681197,train
0.7382299549513633,0.26177004504863666,0.023474329215167726,train
0.6894825776512694,0.3105174223487306,0.5761363686354907,train
0.8954737700931225,0.10452622990687754,0.024795196217498643,train
0.715435645296283,0.284564354703717,3.38686326652147,train
0.6261409765023855,0.37385902349761446,0.08170826512903594,train
0.773782521867525,0.22621747813247495,0.01436168357299747,train
0.7112887684510906,0.28871123154890943,0.03039246541102499,train
0.6483541677586336,0.3516458322413665,1.726762103989139,train
0.573195002419195,0.42680499758080503,0.02286121385963342,train
0.7824884457349077,0.21751155426509228,0.05467043230638904,train
0.7367267506946561,0.2632732493053439,0.014960732482237957,train
0.7370961410912805,0.2629038589087195,0.02064902854986781,train
0.7077613395555626,0.29223866044443736,0.030284254328509824,train
0.6198506735261098,0.3801493264738902,2.964636458560055,train
0.8853350728363105,0.11466492716368948,0.007665091694299618,train
0.7862795298656158,0.21372047013438422,0.012883742997981723,train
0.8895240665506363,0.11047593344936368,0.007414530708242335,train
0.8912540689929175,0.10874593100708252,0.007500846282449872,train
0.6496050214713717,0.35039497852862833,0.07858410402338617,train
0.7234254739419347,0.2765745260580653,0.021419712619279035,train
0.7990120587456883,0.20098794125431174,0.19477469812678805,train
0.7812164840344636,0.21878351596553636,0.016372363396600254,train
0.8445208781378967,0.15547912186210333,0.02048996044464902,train
0.6781209327866476,0.32187906721335235,0.051590059364124176,train
0.6122671930950662,0.3877328069049337,1.120813004179613,train
0.754345851901097,0.24565414809890296,0.014264521187394116,train
0.8031394579994974,0.19686054200050263,0.10367831429729032,train
0.7526091357335106,0.24739086426648937,0.014335237271368277,train
0.7844839951520413,0.21551600484795874,0.012965397703025528,train
0.6346868385105676,0.3653131614894324,2.252435299618379,train
0.654649729378288,0.345350270621712,2.429141719682081,train
0.6312329852348901,0.36876701476510987,0.021928809996417355,train
0.701708486641158,0.2982915133588421,0.5695779447397379,train
0.8407706068674901,0.15922939313250994,0.03147514001463971,train
0.7025833052123116,0.2974166947876885,0.018699180639201812,train
0.8140528050985784,0.18594719490142164,0.17681349943881575,train
0.6313992156354499,0.3686007843645501,1.6625066782847449,train
0.6280803791668482,0.3719196208331518,0.03171027069262995,train
0.840050745365873,0.1599492546341269,0.013393050045030651,train
0.7335336640370416,0.26646633596295854,0.09635086029983476,train
0.6669239637654184,0.3330760362345816,0.05504726364236249,train
0.7104182609220749,0.28958173907792495,0.015911861114975293,train
0.7636827385954755,0.23631726140452447,0.013876554416328762,train
0.7076805083961039,0.29231949160389625,0.019645046676010584,train
0.8995803263263877,0.10041967367361226,0.012836641978451222,train
0.670892187044189,0.32910781295581104,0.01916159582632995,train
0.7637182346381564,0.23628176536184364,0.042453173969727837,train
0.8026546773200147,0.19734532267998528,2.4570738358221225,train
0.6360254941564607,0.3639745058435393,0.024295828603793285,train
0.6935886960882605,0.30641130391173954,0.07418690063043117,train
0.6525180046073771,0.3474819953926229,0.1486197527553782,train
0.725630353632614,0.27436964636738603,0.025949538638263627,train
0.6764602331854883,0.3235397668145117,0.2096344196640997,train
0.7712063471013154,0.22879365289868459,1.7951749309255716,train
0.6243264706647547,0.37567352933524534,0.020328221808978895,train
0.8411948538541305,0.1588051461458695,0.1464210002553767,train
0.6882191703055274,0.3117808296944726,0.2576603107480509,train
0.6704242556212686,0.3295757443787314,0.114178076507859,train
0.6437292915866125,0.3562707084133875,0.09089801746908123,train
0.7934125179319333,0.20658748206806665,0.01846868439939688,train
0.7459372547365162,0.2540627452634838,0.04936432962421481,train
0.6355869817291053,0.3644130182708947,0.018024727480450576,train
0.6941021179803574,0.30589788201964274,0.05396219781726528,train
0.7067897468364359,0.2932102531635641,0.01603464282969982,train
0.7900308712664047,0.2099691287335953,0.012711614861035723,train
0.8674405459983466,0.13255945400165337,0.009755515878514838,train
0.8785806860132624,0.12141931398673755,0.008176162787368237,train
0.6567759540255522,0.3432240459744478,4.520277393049228,train
0.8735416513544442,0.12645834864555583,0.07155251475206774,train
0.7044928610521617,0.2955071389478383,3.8502735033650737,train
0.7578578392602345,0.24214216073976547,0.10443102210292207,train
0.6903304915686692,0.3096695084313308,0.46079387223726376,train
0.7993749946167655,0.20062500538323447,0.2520275939758521,train
0.800920533239811,0.19907946676018895,0.01947187047941252,train
0.6663086517929777,0.3336913482070223,0.01929319632188686,train
0.8169720421217181,0.18302795787828186,0.08211129817381838,train
0.657758779994788,0.34224122000521195,0.05120271160051474,train
0.87597451815649,0.12402548184351003,0.060800483636972096,train
0.8002898171684049,0.19971018283159514,0.012327042903301938,train
0.7188137661467673,0.2811862338532327,0.015619938692706847,train
0.6611981689476338,0.33880183105236616,0.03538255100904673,train
0.7574880520270203,0.2425119479729797,0.021030328395328812,train
0.8072034596356544,0.19279654036434557,0.11063103973806716,train
0.75510935759455,0.24489064240545,0.19558960131237932,train
0.7762659363289416,0.2237340636710583,0.037230215674744487,train
0.7657714280385172,0.23422857196148283,0.08713733803194196,train
0.629067010732644,0.37093298926735596,8.767960686856672,train
0.7076093942393861,0.29239060576061404,2.8090627006473223,train
0.8810313323461317,0.11896866765386827,0.007920075285221234,train
0.6814431460601008,0.3185568539398992,0.0426236609403412,train
0.9131297068957179,0.08687029310428207,0.007572855587365469,train
0.7252842549382363,0.27471574506176355,0.02093753512032027,train
0.7456109569756743,0.25438904302432575,0.014615568025358744,train
0.591410816467794,0.40858918353220597,0.6170355839793029,train
0.5772277620666679,0.4227722379333321,2.129980864327506,train
0.7579110158844989,0.24208898411550106,0.01411792861789059,train
0.6468346360782444,0.35316536392175557,0.04317897458825092,train
0.575838261645944,0.42416173835405613,7.123117193793175,train
0.6257833403042645,0.3742166596957355,0.058721464952889824,train
0.9040245834436961,0.09597541655630393,1.1226030998928251,train
0.6838336846083581,0.31616631539164186,1.3625194907767242,train
0.7913357979635156,0.2086642020364844,0.03913421937621787,train
0.7168126005592654,0.28318739944073457,4.275707047544702,train
0.880200784624283,0.11979921537571703,0.03335086341363371,train
0.7476033583433015,0.2523966416566985,0.023033166926008007,train
0.7271768578525643,0.27282314214743575,0.015380556486950305,train
0.6471324167378136,0.3528675832621865,0.3341354446322725,train
0.7201530090010919,0.2798469909989081,1.7152850374624473,train
0.7991359112096863,0.2008640887903137,0.029252288778419358,train
0.6778307263096844,0.32216927369031556,3.4706058902039527,train
0.8173241833601863,0.1826758166398137,0.055970651349438724,train
0.9070217871154778,0.09297821288452224,0.014510811224874616,train
0.7701077367440315,0.22989226325596845,0.016475226783318375,train
0.617801453449276,0.38219854655072394,0.18207962080768597,train
0.7636827385954755,0.23631726140452447,0.013876554416328762,train
0.7585715706918895,0.24142842930811048,0.016226400436333003,train
0.5858446048845704,0.41415539511542965,0.026859483675828306,train
0.6698025062355936,0.33019749376440644,0.024707271123209536,train
0.6414953360972093,0.3585046639027907,0.41751100088957405,train
0.6804088780845252,0.3195911219154749,0.4024944469990501,train
0.8901161678643755,0.10988383213562447,0.007378926285600312,train
0.6750154344146163,0.3249845655853837,0.017021762932802807,train
0.7816023639904874,0.21839763600951245,2.1891207906297825,train
0.7525690708343074,0.24743092916569265,0.06417703663172865,train
0.7460297124201135,0.2539702875798865,0.019915816273493085,train
0.71173890240461,0.28826109759539,0.03894238746845508,train
0.694199101273311,0.30580089872668903,0.021684131783362696,train
0.8904307963692785,0.10956920363072153,0.028112988375796195,train
0.7241787258696544,0.27582127413034563,3.119123933026748,train
0.608884284667326,0.391115715332674,0.018560639580829246,train
0.7206528190235119,0.27934718097648814,0.04106539977126402,train
0.6946167526107752,0.30538324738922495,0.24116985047047784,train
0.7270001565321162,0.27299984346788375,1.9954149693303485,train
0.7973183032657503,0.20268169673424974,0.1869547579103409,train
0.8625963011712652,0.13740369882873482,0.008984020192917982,train
0.7119188781382626,0.2880811218617374,0.02089643850045614,train
0.6572705835136261,0.3427294164863739,5.173823316996591,train
0.7123327759682903,0.28766722403170975,2.685535320239427,train
0.7980698458776484,0.2019301541223515,0.02375322706070226,train
0.7852030646670257,0.21479693533297428,0.05034430297739454,train
0.6558430962393557,0.34415690376064434,1.109660427152172,train
0.7037191034709094,0.29628089652909073,0.019597048322302194,train
0.8176041307647937,0.18239586923520634,0.017787860826564746,train
0.6287640522490309,0.37123594775096913,0.02205382331620724,train
0.7394978907371595,0.26050210926284045,0.01485436012319436,train
0.769550978335332,0.23044902166466796,0.02110291372334459,train
0.8271150746660303,0.1728849253339697,0.011099250570859184,train
0.9218536579680584,0.0781463420319416,0.007591803202816727,train
0.6136858967440726,0.3863141032559274,1.225727949885155,train
0.6058713643850855,0.3941286356149145,0.14249532780565294,train
0.7138602449747586,0.28613975502524136,1.459861628007962,train
0.718764971912549,0.28123502808745104,0.02706903813008783,train
0.7156521161931269,0.28434788380687315,0.054587582053276566,train
0.6380057425736257,0.36199425742637426,4.7245696595523565,train
0.6959962364648308,0.3040037635351692,0.10456626428911271,train
0.6345004431625579,0.36549955683744206,0.018048094099955492,train
0.8022461323011837,0.1977538676988163,0.012136854213956385,train
0.6994029866871418,0.30059701331285804,0.06770640199216674,train
0.7866254257371758,0.21337457426282436,0.11668292311215724,train
0.6810399901337685,0.3189600098662315,0.016846810769967916,train
0.7348233538035495,0.26517664619645054,0.04441384967105389,train
0.6998812603108474,0.3001187396891526,0.017328813346100525,train
0.8679186466569548,0.13208135334304516,0.008681587949223584,train
0.8841272899234804,0.11587271007651956,0.007736899390914004,train
0.6766225461415293,0.3233774538584707,4.484803575871708,train
0.680725825301927,0.31927417469807295,6.0050163011423,train
0.6793610300646202,0.32063896993537977,0.01689614459299604,train
0.6890652110569628,0.31093478894303717,0.017028011965405532,train
0.8812197766944248,0.11878022330557525,0.0909645343308149,train
0.8595754095688896,0.14042459043111055,0.055592786484254815,train
0.6893688006613135,0.31063119933868655,1.9568963206254175,train
0.781630281585668,0.21836971841433195,0.013094196835056863,train
0.5771701456115681,0.4228298543884319,0.614072025908669,train
0.8117702112537473,0.18822978874625274,0.12177294552761511,train
0.8926430662797775,0.10735693372022248,0.026095071596918006,train
0.6756205872183539,0.32437941278164606,0.0241312261241402,train
0.6359409753707246,0.3640590246292754,0.2626719497200407,train
0.6686443520461823,0.33135564795381767,1.144156725480922,train
0.7247903516360643,0.2752096483639357,0.015405483042015819,train
0.7983300885005116,0.20166991149948843,0.10123072739425276,train
0.8741677678584515,0.12583223214154848,1.1104729546331396,train
0.5870441140973915,0.41295588590260857,0.027618532040619957,train
0.7096697368703822,0.29033026312961785,1.505770053301945,train
0.8841191805492152,0.11588081945078477,0.011175442321819733,train
0.88478205150899,0.11521794849100997,0.06369697685021321,train
0.7627446136582752,0.23725538634172483,3.1952404889237496,train
0.583326243379655,0.416673756620345,3.324730704038442,train
0.7900162178482727,0.2099837821517273,0.015885325727458148,train
0.6474929929878267,0.3525070070121734,0.01774759973904086,train
0.6863854209509098,0.3136145790490902,0.04464084368050349,train
0.7163618428053511,0.2836381571946489,3.9816850762463227,train
0.8874305807553986,0.1125694192446014,0.00754004298115453,train
0.7110740028328244,0.2889259971671756,0.01588945371401106,train
0.6762778478226393,0.32372215217736067,0.07485036933379019,train
0.6411755383194302,0.3588244616805698,0.017897104364866412,train
0.6982233136030405,0.30177668639695954,0.06362210908348635,train
0.908416012644819,0.09158398735518103,0.023166824808910837,train
0.7886079811638926,0.21139201883610736,0.10240722530368611,train
0.6015638870622378,0.39843611293776215,0.018687524072406196,train
0.7918814308716862,0.20811856912831384,0.027906585430959658,train
0.6151335340256168,0.38486646597438323,1.4565819392932315,train
0.7138902434073816,0.2861097565926184,3.373847403155525,train
0.7950063724584531,0.20499362754154693,0.06574612431449378,train
0.7839013406744376,0.21609865932556238,0.013609749464981972,train
0.6604526691025742,0.33954733089742584,2.209510432057776,train
0.7925002584041955,0.20749974159580453,0.015998537488701305,train
0.7252758822458939,0.2747241177541061,0.057157005280285826,train
0.8643102862639315,0.13568971373606853,0.009906958323675769,train
0.7983576284691963,0.20164237153080367,0.013352914529914673,train
0.6072154988445099,0.39278450115549013,0.02047663892760779,train
0.8709062966820722,0.1290937033179278,0.02118473351748563,train
0.6441463313418675,0.3558536686581325,0.01782759854636003,train
0.6526314379492834,0.34736856205071664,1.613097359294286,train
0.7559308450372888,0.2440691549627112,0.04720958498623205,train
0.8074406109297092,0.1925593890702908,0.011885863217248417,train
0.7350560883467905,0.2649439116532095,0.015024295463998909,train
0.7411042992349356,0.2588957007650644,0.014792160620900984,train
0.6330753193941772,0.36692468060582284,0.024204785505207806,train
0.7412631858586818,0.2587368141413182,3.1355052978071356,train
0.7149554962101177,0.2850445037898822,1.4778907077249157,train
0.790127928726727,0.209872071273273,0.055523854332396906,train
0.7870304831602263,0.21296951683977372,0.013825784679734571,train
0.7928993116367457,0.20710068836325435,1.718808219970528,train
0.828357041836804,0.17164295816319597,0.014920888933144897,train
0.6569989596130688,0.34300104038693124,0.07712228079645045,train
0.7642739229173027,0.23572607708269733,1.50709862644804,train
0.6718019983354901,0.32819800166450996,0.01711272961495466,train
0.7921094717008614,0.20789052829913857,0.013284148436935901,train
0.7582072025716576,0.24179279742834237,0.014105663884202039,train
0.8740707795324903,0.12592922046750965,0.016028291831791965,train
0.600934678488814,0.3990653215111861,2.167637688556018,train
0.7491599809422823,0.2508400190577177,0.014474329313709518,train
0.6804130256501464,0.3195869743498536,0.016865285337980925,train
0.7916287055426049,0.2083712944573951,0.01662341371636758,train
0.9025399770208918,0.09746002297910816,1.0923469265837555,train
0.6637553277217566,0.3362446722782434,2.70523756897522,train
0.8035818537210205,0.19641814627897947,0.012072687119271302,train
0.9101500216732596,0.08984997832674035,0.007191036683778653,train
0.7181141915180239,0.2818858084819762,3.0564562766389023,train
0.7929562897079973,0.20704371029200275,0.012575950820744206,train
0.7374456254666806,0.2625543745333194,0.18412484694462053,train
0.7009415161929712,0.2990584838070288,0.04574461388898981,train
0.7609383644261917,0.23906163557380833,0.013991948209040555,train
0.821520073067364,0.17847992693263603,0.017515691841463035,train
0.7248115973004501,0.2751884026995499,0.015404710867754027,train
0.6791817382553641,0.3208182617446359,2.86791001512952,train
0.8032817762751936,0.1967182237248064,0.0335454386294389,train
0.7583781948790844,0.24162180512091558,0.016711618041530832,train
0.6342373534347829,0.36576264656521706,0.021366136952256996,train
0.6750062030810865,0.3249937969189135,0.022761993857571574,train
0.8731291223231267,0.12687087767687333,0.010461256914881265,train
0.756072920534123,0.243927079465877,0.07415253783501001,train
0.7127209597524676,0.2872790402475325,0.020053984320090687,train
0.7619738436713767,0.23802615632862334,0.01394854170566858,train
0.5973688704784358,0.4026311295215642,0.018756296515251545,train
0.8525682688462817,0.14743173115371833,0.04976273046241691,train
0.6085802388152155,0.3914197611847845,0.02290502842389467,train
0.5897914762786989,0.4102085237213011,0.23416678386678436,train
0.8752310880901973,0.12476891190980266,0.10615976964995445,train
0.6496770458488601,0.35032295415114,0.01769442244567646,train
0.7227116383346733,0.27728836166532667,2.0526187599597296,train
0.6701643994142458,0.32983560058575423,0.01715845685176318,train
0.6140071745613371,0.38599282543866287,1.590010159590407,train
0.7918785624952094,0.20812143750479062,0.01830751859059011,train
0.7726553014477564,0.2273446985522436,0.18422695627305663,train
0.7143202894725295,0.28567971052747054,0.0157775414120732,train
0.6660583034305847,0.3339416965694153,0.017271238845022695,train
0.7444209417143309,0.25557905828566907,0.05997710265431955,train
0.6246542969875278,0.37534570301247216,2.658962343789368,train
0.9053256904921829,0.09467430950781708,0.06923549450547525,train
0.7898421981076872,0.21015780189231292,0.06828558496679693,train
0.7369444085229538,0.26305559147704616,0.04010438195029937,train
0.6775333504725431,0.32246664952745685,0.016949341622653484,train
0.8705925947521305,0.12940740524786953,0.01130631060928983,train
0.7355135590309745,0.2644864409690255,0.015006932692092982,train
0.6484471946448145,0.3515528053551855,0.021413057049199682,train
0.7560402927655183,0.24395970723448168,0.02776481137780311,train
0.8852891265621229,0.11471087343787711,1.202066554191869,train
0.723838177186559,0.27616182281344104,0.5654010873378257,train
0.6929828107262149,0.3070171892737852,0.11311316984926605,train
0.850616370988033,0.1493836290119669,0.06684478123228003,train
0.8378569209105001,0.16214307908949988,0.21191696623778564,train
0.6575156361488156,0.3424843638511844,1.3206927801543278,train
0.7298877585037843,0.2701122414962157,0.018910722973993866,train
0.6263935149531528,0.37360648504684724,1.1770831149888543,train
0.7993014561439741,0.20069854385602592,0.20455914271740622,train
0.5930537376249333,0.4069462623750667,6.939842163759277,train
0.7681241256475637,0.23187587435243628,2.5352836809852906,train
0.7902376989645991,0.20976230103540094,0.03156823432822485,train
0.6769768546132279,0.3230231453867721,0.06774520216333421,train
0.6999584016885091,0.3000415983114909,0.07171996278501445,train
0.7644267380441634,0.2355732619558366,0.021335026854939695,train
0.7490389473987981,0.25096105260120194,0.014479177468725816,train
0.7500571304182887,0.2499428695817113,0.23259124160345565,train
0.7833787867045542,0.2166212132954458,0.014313326513145888,train
0.6556680176375645,0.34433198236243545,0.18724178083997392,train
0.7879912861012949,0.21200871389870513,2.5985322941055338,train
0.751766302445749,0.24823369755425095,1.0906739045434826,train
0.6026544919449307,0.3973455080550693,0.018669174442281913,train
0.6396968240252855,0.3603031759747145,0.1772441871489524,train
0.736468143317503,0.263531856682497,0.30218691225008293,train
0.7031860353079478,0.29681396469205235,0.016154555989308074,train
0.7930559490038626,0.20694405099613755,0.012756947520458207,train
0.6353533900613813,0.36464660993861875,0.018029200802564947,train
0.5320266393312181,0.4679733606687819,1.8838464241469175,train
0.7258571162804801,0.2741428837195199,0.04748591292436188,train
0.5794164012740428,0.4205835987259572,3.875764866706319,train
0.8572027264705617,0.14279727352943827,0.010306893510973178,train
0.784703981500699,0.21529601849930102,2.0072184428628903,train
0.8013097684974324,0.1986902315025676,0.022627970909190134,train
0.6627881806359925,0.33721181936400746,6.2498982833574015,train
0.824562985867078,0.175437014132922,0.013128970206511385,train
0.9259742695662986,0.07402573043370142,0.014579785209963428,train
0.725548418018861,0.27445158198113895,0.015377888099667853,train
0.7133947602684501,0.28660523973154994,4.186894797492102,train
0.7945891785802438,0.2054108214197563,0.012499682086112627,train
0.8812330524454987,0.11876694755450135,0.007908179410756333,train
0.897230338926052,0.10276966107394792,0.02519019412916276,train
0.703209472504406,0.296790527495594,0.01615378266160015,train
0.6738547542277347,0.32614524577226534,2.30552575700303,train
0.6800518732055947,0.3199481267944053,0.016875899108704673,train
0.7782553538877768,0.22174464611222322,0.19020976417644897,train
0.7788053009771949,0.22119469902280509,0.023433373054286746,train
0.648687849054209,0.35131215094579116,0.017718602206471847,train
0.6112917452289051,0.38870825477109494,0.048509810123997125,train
0.7912296603060621,0.20877033969393788,0.14384661660475073,train
0.6629928237697746,0.33700717623022536,0.7832358547191093,train
0.7192890652046654,0.2807109347953346,0.04398422207739797,train
0.8817467981313526,0.1182532018686474,1.2186388253396407,train
0.6027039969706262,0.39729600302937385,8.102915395362947,train
0.8962105523243695,0.10378944767563048,0.09467171463934208,train
0.7718619920458462,0.22813800795415395,0.04741783538766327,train
0.7235498661888544,0.2764501338111456,1.265594874078882,train
0.6419251954699197,0.35807480453008045,0.017879699008090996,train
0.8652196619474327,0.13478033805256728,0.008835436027330864,train
0.9036551770807051,0.09634482291929491,0.007417060971571369,train
0.8934090741248819,0.10659092587511809,0.025631893187847126,train
0.7914821125680394,0.20851788743196065,0.024604944044184694,train
0.7793027721077905,0.22069722789220947,0.052184094398727225,train
0.8616476140326119,0.13835238596738808,0.031063923170076155,train
0.7476146276245781,0.2523853723754219,0.029721987604927086,train
0.8550324914188981,0.14496750858110186,0.009407141477048036,train
0.5785638534968367,0.4214361465031633,0.0914888965987798,train
0.7421261628738131,0.25787383712618694,1.4764742182978217,train
0.744757715712876,0.25524228428712403,2.9224904020769413,train
0.6279093841381254,0.37209061586187464,1.0769526535048901,train
0.8196477608052252,0.18035223919477494,0.2657480845126617,train
0.7005102662593766,0.2994897337406234,0.0938748909513445,train
0.6237417364195673,0.3762582635804327,0.021109081188199482,train
0.7910525182742362,0.20894748172576383,0.012664379257468068,train
0.6787737554323569,0.32122624456764315,4.538202469733754,train
0.7891725322758066,0.21082746772419336,0.02952558576442252,train
0.7164549786665625,0.2835450213334375,3.243814880462158,train
0.794853900776448,0.20514609922355198,2.162775083920808,train
0.6637553277217566,0.3362446722782434,0.01733332029104876,train
0.6491361606735765,0.3508638393264235,4.11412099925296,train
0.818749742971579,0.18125025702842112,0.013117199872533396,train
0.7340310982553708,0.26596890174462917,0.039036417552820606,train
0.6743070124880759,0.3256929875119241,0.017041957804487144,train
0.7311850311111843,0.26881496888881573,0.04532958512943968,train
0.6261121636074326,0.3738878363925674,0.018227639788601705,train
0.7213354308767799,0.27866456912322013,1.3871411110270424,train
0.7870739587671222,0.21292604123287784,0.2569723524805461,train
0.7372453233521358,0.2627546766478642,0.014940915827935242,train
0.7009415161929712,0.2990584838070288,0.6894521225134908,train
0.7196919138486437,0.2803080861513563,0.018705446302246184,train
0.6608212102708151,0.3391787897291849,0.01741119110477812,train
0.6718760748074556,0.3281239251925445,0.5529330788067938,train
0.6239857482630322,0.3760142517369678,0.11168839227157186,train
0.6624324407748291,0.3375675592251709,2.342945141316207,train
0.8248078980719424,0.17519210192805756,1.8494722922139004,train
0.6327361189339971,0.36726388106600294,0.03862462552826886,train
0.7041237560443336,0.29587624395566636,4.230194420735231,train
0.6600027772776657,0.33999722272233435,2.2982116228180023,train
0.7179642046713673,0.28203579532863265,0.016063702369142518,train
0.8971366048046969,0.10286339519530308,0.00893036587641015,train
0.7131191834418861,0.2868808165581139,2.4593086743957353,train
0.6412907485525893,0.3587092514474107,0.017894435322544817,train
0.7272285300696776,0.2727714699303224,0.16170717295921017,train
0.726234431320086,0.2737655686799141,3.1960040313747777,train
0.7718721518643593,0.2281278481356407,0.18404805363428686,train
0.7768375065997072,0.22316249340029282,1.901526832361002,train
0.7569656919503063,0.24303430804969373,1.845061288612491,train
0.876553648564291,0.12344635143570903,1.2377202074112694,train
0.7419083007706752,0.25809169922932484,0.05096958406073936,train
0.6937032859351346,0.30629671406486536,0.13295559453044825,train
0.6351153973457405,0.3648846026542595,0.11416815733208363,train
0.70137139865509,0.29862860134491,0.026648134375995395,train
0.6057662767505877,0.3942337232494123,14.758179264098759,train
0.8274625280127466,0.17253747198725333,0.014365207585032251,train
0.6498064121146644,0.3501935878853356,0.030960900792675636,train
0.7722419493769382,0.22775805062306176,0.02569961394271224,train
0.5942957200064879,0.4057042799935121,1.1420163664187941,train
0.739953364317018,0.26004663568298203,0.08479839903651099,train
0.5620805996395878,0.4379194003604122,2.870609085057685,train
0.6463396167080482,0.3536603832919518,0.06226509571869113,train
0.6569039623242542,0.3430960376757458,1.9839402333456486,train
0.8893930268958117,0.11060697310418832,0.007836919578241935,train
0.7364506286323779,0.26354937136762213,0.046282638963233515,train
0.6952990408419084,0.3047009591580916,0.016409917703834927,train
0.7912714625350599,0.20872853746494013,0.17825261577840887,train
0.6539810196762029,0.3460189803237971,0.04702905912602081,train
0.7862793495738748,0.2137206504261252,0.012999531175342919,train
0.6462618157350194,0.3537381842649806,8.518910603215268,train
0.593027448689323,0.406972551310677,9.349788902289243,train
0.7884217325453304,0.21157826745466957,0.022373698769720497,train
0.7766148313958448,0.22338516860415525,0.05259145404924124,train
0.7925156661007141,0.2074843338992859,0.03489294816428561,train
0.8946155222464506,0.10538447775354942,0.13052554072413006,train
0.6157921678693927,0.3842078321306073,0.32334921429864316,train
0.7017841983721789,0.29821580162782113,0.021113742270858944,train
0.7430609392842067,0.2569390607157933,1.6207672758065348,train
0.7095398250710924,0.29046017492890763,3.426069981522603,train
0.7838962315342501,0.21610376846574986,0.17290131949692986,train
0.688670105761956,0.311329894238044,0.01661700606296294,train
0.7321804529212479,0.2678195470787521,0.015132703524330889,train
0.6492921267598645,0.3507078732401355,0.022911481943958804,train
0.7771651222646551,0.22283487773534494,1.1430705025264976,train
0.7938179216674905,0.20618207833250946,0.125014178433198,train
0.5931625199606848,0.4068374800393152,0.08549434335442237,train
0.7346607430025743,0.26533925699742567,0.06139595119201898,train
0.5894493330443994,0.4105506669556006,0.025934697768304295,train
0.8672994177799238,0.1327005822200762,0.010349351227584137,train
0.7725764519660983,0.22742354803390175,0.0309437015967379,train
0.675694740323999,0.324305259676001,0.02086307760494433,train
0.7711309730636879,0.22886902693631206,1.8680277841711754,train
0.6393214724973978,0.3606785275026022,2.1781260969306397,train
0.6488683785591176,0.3511316214408824,0.0177142010815107,train
0.7567085271636977,0.24329147283630226,0.014167586608776013,train
0.6638212399794754,0.3361787600205246,0.07575582205279184,train
0.8019937976206861,0.19800620237931388,0.1028566082681931,train
0.6973018058473751,0.3026981941526249,0.0163459950203289,train
0.8854758377897515,0.11452416221024853,0.010013105506878554,train
0.7058088902343899,0.29419110976561025,4.72182849632421,train
0.8469030730574413,0.15309692694255872,0.00985309798856247,train
0.7481587773113786,0.2518412226886214,0.03624461556050942,train
0.8995071607097693,0.10049283929023067,0.00982792210063421,train
0.6684436569892624,0.33155634301073755,0.3270894748075523,train
0.863366749418802,0.13663325058119802,0.008940480496617095,train
0.6541000544647165,0.34589994553528347,0.01822144987184418,train
0.7016114137545213,0.2983885862454787,0.043468854372125464,train
0.782332501227254,0.21766749877274605,0.013062614421298588,train
0.7790643553120575,0.22093564468794247,0.013208980025007888,train
0.8216767363174466,0.17832326368255336,0.026433908766479653,train
0.7352134850861788,0.2647865149138212,0.015018325263684988,train
0.6622019385176457,0.33779806148235436,6.062367015201343,train
0.7444050423106646,0.2555949576893354,2.8140701070592438,train
0.8862781801826625,0.11372181981733753,0.09108964532708416,train
0.6645557923144869,0.3354442076855131,0.022623241648334777,train
0.7390270715413961,0.26097292845860387,0.04676098856873199,train
0.5544777866129137,0.4455222133870863,0.1081550080479052,train
0.8809024992375247,0.11909750076247527,0.010977252897838031,train
0.689196579283821,0.31080342071617895,3.312506788724563,train
0.7943471834455621,0.2056528165544378,0.030700907855614152,train
0.6589439463093563,0.34105605369064373,0.07108651797484192,train
0.7722000125652229,0.22779998743477714,0.01527160504809814,train
0.7068283834894028,0.2931716165105972,0.020964923738225217,train
0.7312500237383476,0.2687499762616524,0.015167508391971599,train
0.6554261453612199,0.3445738546387801,2.3890212902671397,train
0.7616608687480754,0.23833913125192463,0.024815122358162196,train
0.6596751815920768,0.34032481840792317,0.017441233503082545,train
0.7900744711260753,0.20992552887392468,0.1054077388855369,train
0.591154632382157,0.40884536761784296,0.1584521473391597,train
0.8722414039236845,0.12775859607631546,0.018704895496289984,train
0.8688624758642876,0.13113752413571245,0.03535709046361506,train
0.7253788019137127,0.27462119808628727,0.015384070105202619,train
0.7010128047951014,0.2989871952048986,0.033927640452319524,train
0.7292821119753388,0.27071788802466124,3.973653009315883,train
0.7685593994579992,0.23144060054200077,0.016661659745794002,train
0.7846650087154895,0.2153349912845105,0.025789552338689303,train
0.7904160794435661,0.20958392055643393,0.2014030523628868,train
0.7003186827619963,0.29968131723800384,0.016248519292927945,train
0.8047310158646634,0.19526898413533655,0.049415626882181,train
0.795953300616538,0.20404669938346198,0.05314595267354176,train
0.5698312617654842,0.43016873823451585,0.06058759732661718,train
0.678324714801656,0.321675285198344,0.018452558909835406,train
0.6142482566864581,0.3857517433135419,11.610601618293353,train
0.867702059538527,0.13229794046147303,0.02852010588602411,train
0.7262225569835008,0.2737774430164992,0.039790018885927904,train
0.8085812840585188,0.1914187159414812,1.7449999562107656,train
0.7834537272315961,0.21654627276840388,0.014307972075761897,train
0.7843819148399117,0.2156180851600883,0.016408115680205598,train
0.6560573793909432,0.3439426206090568,0.01753469562512376,train
0.672021364415527,0.32797863558447304,0.08704698941615638,train
0.7208644828916293,0.2791355171083707,0.01582409090618558,train
0.635752437214147,0.364247562785853,0.06353686881635104,train
0.9070779296784373,0.09292207032156274,0.05912716021483872,train
0.779915809382551,0.22008419061744888,0.05576736443131458,train
0.7644827838464232,0.2355172161535768,0.02785971121319025,train
0.6482793956553142,0.3517206043446859,0.05521535439830907,train
0.6708352918756741,0.32916470812432586,0.24125834856430728,train
0.6939921557850836,0.30600784421491645,0.016451290853049895,train
0.670163714300692,0.329836285699308,3.1578622728663794,train
0.7852140623049152,0.2147859376950848,0.012932254051086112,train
0.6852977571487485,0.3147022428512515,0.016719706672398724,train
0.7274793312388839,0.27252066876111614,0.015307200010791876,train
0.6795278730946545,0.32047212690534554,1.5177736456258868,train
0.7560927507927597,0.24390724920724027,2.2674262860883485,train
0.7815743827708129,0.21842561722918696,0.01559312211741831,train
0.5928069459159976,0.4071930540840024,1.7365359005083043,train
0.7521827374440553,0.24781726255594472,0.014352529829309492,train
0.627913394811816,0.37208660518818404,0.018190044620990782,train
0.7166842458670583,0.28331575413294174,0.01569501840626679,train
0.6968456053004971,0.303154394699503,4.3621753167410935,train
0.9002590208288881,0.09974097917111191,0.02419675954864482,train
0.751775000564884,0.248224999435116,0.04641518777993414,train
0.6805140359799576,0.31948596402004237,0.034603181843704395,train
0.6656436251396536,0.3343563748603464,3.650437218773193,train
0.8021396916123783,0.1978603083876217,0.04830012750021243,train
0.7719916317558932,0.22800836824410675,0.013520317141048356,train
0.6896541378378435,0.31034586216215654,1.3388942753137714,train
0.7646119052028642,0.23538809479713585,0.013837229568591727,train
0.7116104698712926,0.2883895301287074,0.17761098608584194,train
0.7150151467515564,0.2849848532484436,0.038407659583343516,train
0.7877937195699233,0.21220628043007672,1.31735333325029,train
0.6693368100854553,0.3306631899145447,0.024959147867307907,train
0.786156044159052,0.21384395584094795,0.05748466866574121,train
0.8990819262917118,0.1009180737082882,0.007131117531411122,train
0.7885665632036987,0.21143343679630133,0.03078959981038405,train
0.7525339744001608,0.2474660255998392,0.11959444244820111,train
0.7406607139938861,0.2593392860061138,0.03282805105303785,train
0.6483108709495168,0.35168912905048333,0.23065174037849218,train
0.6467137977743891,0.3532862022256109,0.05972584510829865,train
0.7644827838464232,0.2355172161535768,0.015658870585402943,train
0.7196989360273789,0.2803010639726211,0.11395013585148864,train
0.7115798151963009,0.28842018480369913,0.01587212393618284,train
0.7021197093480159,0.29788029065198407,0.016189649516408642,train
0.6578871492899947,0.3421128507100053,0.017487686807706668,train
0.723838177186559,0.27616182281344104,0.06856363831063314,train
0.774615852993698,0.22538414700630205,0.013405667118729411,train
0.7749416063435366,0.2250583936564634,0.0156855075006356,train
0.7971551615870897,0.20284483841291034,0.2831202109807684,train
0.7846381376750751,0.21536186232492494,0.08547462061524551,train
0.7877937195699233,0.21220628043007672,0.012814514142253796,train
0.669993586150786,0.33000641384921403,0.08398955172043503,train
0.6574969789085061,0.3425030210914939,1.8283033983739232,train
0.7928813800365764,0.20711861996342362,2.0857323478225918,train
0.6538342159208478,0.3461657840791523,0.017591090713434666,train
0.6556680176375645,0.34433198236243545,0.08485797975121857,train
0.5251550459519232,0.4748449540480768,0.02895627681341376,train
0.6490488383305753,0.35095116166942475,0.026229973731805044,train
0.7935558423552711,0.2064441576447289,0.012547992301828927,train
0.6201026364022924,0.37989736359770765,6.694897578334806,train
0.6844807623873091,0.31551923761269085,4.206630823695874,train
0.701876387335667,0.29812361266433296,0.016197632536303883,train
0.669995773814118,0.330004226185882,0.18447091579434213,train
0.735625737901217,0.264374262098783,1.1400946052371612,train
0.7211106085648253,0.27888939143517466,0.09438413660497083,train
0.7694470123720115,0.23055298762798848,1.887730812915454,train
0.8533467242233497,0.14665327577665033,0.009500369913014367,train
0.6536943588724357,0.34630564112756435,0.9322849369973563,train
0.7414497073892488,0.25855029261075124,0.023044963632523743,train
0.774467801533898,0.22553219846610195,0.2717628177601742,train
0.8410247201001514,0.1589752798998486,0.013084363626911833,train
0.5628932266928989,0.4371067733071011,1.9120726792738778,train
0.7472248680380891,0.2527751319619109,0.029570676974210983,train
0.8607641424412861,0.13923585755871393,0.010607062612860037,train
0.5897914762786989,0.4102085237213011,0.018873230670322087,train
0.6583681136568207,0.3416318863431793,1.2449698973021164,train
0.7404932257258484,0.2595067742741516,0.01481586748820653,train
0.6823460495193582,0.3176539504806418,3.1249900441857617,train
0.5961981366660136,0.4038018633339864,0.3005864078063092,train
0.6346536701104016,0.36534632988959825,0.01804470867767415,train
0.7345262430230277,0.2654737569769723,1.2436957616921398,train
0.6346187037050388,0.3653812962949612,0.026763056578538814,train
0.7684046556293793,0.23159534437062068,0.016761618910251897,train
0.7931146360984563,0.20688536390154366,0.012568571874653954,train
0.6558904511480034,0.3441095488519966,0.01753895755460723,train
0.661158898595934,0.338841101404066,6.873490052448916,train
0.5484564622250904,0.45154353777490963,0.01934521056146078,train
0.6762412312109085,0.3237587687890916,0.01698663149256173,train
0.5952892644503915,0.40471073554960846,14.502095923939558,train
0.6453144631723834,0.3546855368276166,0.021208856675682595,train
0.7843367294841673,0.21566327051583267,0.012972073764161216,train
0.648724143085294,0.3512758569147061,0.017717717814946365,train
0.5723730567284177,0.42762694327158235,0.01970307365269221,train
0.6867023761363709,0.31329762386362925,0.13795777176664295,train
0.7653761422493106,0.2346238577506894,0.013804788106000504,train
0.8154634035961938,0.18453659640380615,0.014210526156285019,train
0.699066542344605,0.30093345765539514,1.0772872670349043,train
0.7825098300606236,0.21749016993937642,0.013534392987399956,train
0.7771056601458534,0.22289433985414664,0.016529294024906233,train
0.7409922995538356,0.2590077004461645,0.03377935616299504,train
0.7773955136124878,0.22260448638751218,0.013283110454277621,train
0.6880259893537107,0.3119740106462894,0.017774453690879793,train
0.6573812394531714,0.3426187605468287,0.04764989475298006,train
0.8543789163018103,0.1456210836981897,0.02214779676050703,train
0.6800716633579702,0.3199283366420298,1.211997575115764,train
0.5955319673373224,0.4044680326626776,3.558244658828007,train
0.6789463334452392,0.32105366655476075,4.028403152585811,train
0.7236490737843055,0.27635092621569446,0.046744974731719714,train
0.8620784689944461,0.13792153100555393,0.011559565335773377,train
0.6408758359283491,0.35912416407165093,0.030811396751180293,train
0.6809490264165013,0.31905097358349865,0.06851795408718309,train
0.7771237477377549,0.22287625226224506,0.17528763061997368,train
0.7709227044441066,0.2290772955558934,1.4976538828840735,train
0.7470398749199832,0.25296012508001664,3.52265503320807,train
0.6813383966580245,0.31866160334197546,1.408058403196981,train
0.7841121123185318,0.21588788768146816,0.017061059081594127,train
0.8723212209557388,0.12767877904426117,0.008428504521251132,train
0.7161680401937854,0.28383195980621456,3.9939626542646436,train
0.7891797120767541,0.21082028792324592,0.012750851092882057,train
0.6951854045572783,0.3048145954427217,0.02003554780164253,train
0.6079997028999421,0.3920002971000579,3.995525237480482,train
0.7383538738719747,0.2616461261280253,0.48164461953993726,train
0.6707837094377214,0.32921629056227864,0.017141213715536504,train
0.7165348396620853,0.2834651603379147,0.015700259625639184,train
0.7337122272389573,0.26628777276104265,1.603696600564501,train
0.6824871244650786,0.31751287553492147,2.2071619018113102,train
0.6938336918932146,0.30616630810678547,2.069122753766248,train
0.5529704643624614,0.44702953563753856,2.9612687738622863,train
0.6970124179126043,0.30298758208739573,0.02926142825306127,train
0.675780559869903,0.32421944013009696,0.4746331919656013,train
0.7897111931768067,0.21028880682319329,0.01592131059180241,train
0.7067574073474358,0.29324259265256425,0.016035727922360864,train
0.6914778105177896,0.30852218948221044,0.04710096082419511,train
0.6468569797127597,0.3531430202872403,0.06673922224204971,train
0.7776334032809986,0.22236659671900139,0.07326220861570679,train
0.7399531808086914,0.26004681919130856,0.016617771166821414,train
0.6601631279346226,0.3398368720653774,0.514384598918582,train
0.6453302747082841,0.3546697252917159,0.021349788905605013,train
0.8175867793839949,0.18241322061600518,2.2781284619641027,train
0.7014835443123489,0.29851645568765106,0.01621050159428621,train
0.6744082701131837,0.3255917298868163,0.017039076141806657,train
0.8389325621529118,0.1610674378470882,0.01630613360103379,train
0.6283823827364026,0.37161761726359743,0.082011300027672,train
0.6732459990987351,0.32675400090126494,2.509126076600624,train
0.646750007659358,0.353249992340642,0.02091915607228693,train
0.9170045451902488,0.08299545480975123,0.0068324181933118976,train
0.7748894583596009,0.22511054164039912,0.057803261520059566,train
0.6284744088889516,0.37152559111104844,1.0400796229790341,train
0.6388524424184692,0.36114755758153083,0.01795046694583877,train
0.7158897521878137,0.2841102478121864,3.668266712642267,train
0.6219400659254986,0.37805993407450145,7.032331391717052,train
0.7131429854049036,0.2868570145950964,0.015818316689689714,train
0.6447221413075368,0.3552778586924632,3.766975251562319,train
0.656628006726139,0.34337199327386103,2.8052925692645596,train
0.8055699834552926,0.19443001654470737,2.386406381163314,train
0.7632053145182562,0.23679468548174376,0.05003198898566855,train
0.6754934471047539,0.3245065528952461,3.5426344134673795,train
0.7299782445769148,0.27002175542308515,2.236100033883201,train
0.8835576322425136,0.1164423677574864,0.011506462644704445,train
0.6769640548023479,0.3230359451976521,0.05151986562978438,train
0.6662077920365028,0.3337922079634972,6.24272286871308,train
0.7383472873138465,0.26165271268615353,0.016013494562830837,train
0.7045540320405488,0.2954459679594512,0.23625327182671088,train
0.8527766355057782,0.1472233644942218,0.010522221571246437,train
0.6493832076057087,0.35061679239429133,4.408529078540057,train
0.807114022878571,0.19288597712142896,0.08536996232684467,train
0.6642729428870431,0.33572705711295703,0.05008914153568531,train
0.66580710548747,0.33419289451253,0.017278051436282308,train
0.6949244107863461,0.30507558921365385,0.05373877939220118,train
0.6605729451064909,0.3394270548935091,2.4401578926657175,train
0.6929028617420212,0.3070971382579788,0.6369010759566726,train
0.778256876243041,0.22174312375695904,0.013244899988640394,train
0.7805640115309297,0.2194359884690703,0.01603531696181761,train
0.7021801916679719,0.29781980833202826,1.8693585248336575,train
0.7511199359343936,0.24888006406560637,0.058428895971708444,train
0.6207586617020898,0.3792413382979102,3.6843059386714643,train
0.713473359486709,0.2865266405132909,0.021785779288311043,train
0.7184832983973252,0.28151670160267483,0.1934631206021177,train
0.8997151363337551,0.1002848636662449,0.07079440418468723,train
0.6802748445105198,0.3197251554894802,0.11548327114539346,train
0.7728711852856274,0.22712881471437263,0.22510089836876548,train
0.8651822485110081,0.1348177514889919,0.050002853036839476,train
0.6057619281349925,0.3942380718650075,8.841706685345095,train
0.7075108880065012,0.2924891119934988,0.022844144841946114,train
0.6713553741969172,0.32864462580308285,0.3305860708152588,train
0.7749621055558182,0.22503789444418176,2.6000551401303205,train
0.7258787258412612,0.27412127415873877,0.018549466944805543,train
0.7788582790525954,0.22114172094740459,2.1616712462617906,train
0.726172709711175,0.273827290288825,1.8528164496536768,train
0.9036358087648604,0.09636419123513962,0.0068211073332181925,train
0.7717034240055862,0.22829657599441378,0.018730467131046372,val
0.6469374033130376,0.3530625966869624,0.18332351783537493,val
0.6401236069854214,0.35987639301457863,0.02562703437234487,val
0.5939533025127625,0.40604669748723754,5.86952917766219,val
0.726667139548185,0.27333286045181504,0.03672436256510154,val
0.6533229599228344,0.3466770400771656,0.01760394791146245,val
0.8808703784451676,0.11912962155483242,0.06654932208122631,val
0.574874867251808,0.42512513274819197,0.027297520895307677,val
0.7919569412033445,0.20804305879665552,2.6550770480546144,val
0.7792296914535765,0.22077030854642354,0.018635363074158178,val
0.7115013715083908,0.28849862849160923,3.3875862991406622,val
0.6987171732159686,0.3012828267840314,0.020313650508725415,val
0.6815529611906517,0.3184470388093483,0.016831649020240348,val
0.6656671448853675,0.3343328551146325,0.6214475543073368,val
0.6416014551147194,0.35839854488528056,0.017887226625681908,val
0.6333607001526008,0.3666392998473992,0.5008771788389543,val
0.9191214419386402,0.0808785580613598,0.005578379475631084,val
0.7823286036108485,0.21767139638915145,2.641395135403847,val
0.6892489622911703,0.3107510377088297,0.02056469890893816,val
0.6109677125331548,0.38903228746684515,5.258610909811017,val
0.6964718072529291,0.3035281927470709,0.016372562515846376,val
0.6812472970082831,0.3187527029917169,0.10761555112700895,val
0.6771513982659499,0.32284860173405017,0.772839194010141,val
0.8263264870905449,0.1736735129094552,0.015860378301957773,val
0.6918524453877721,0.30814755461222787,4.087173381310153,val
0.7625738662517881,0.23742613374821187,0.013923315599401919,val
0.7796543581913419,0.22034564180865812,0.04215601179507257,val
0.6721509384163151,0.3278490615836849,0.03237812964898856,val
0.8670217550472624,0.13297824495273758,1.0910430901020847,val
0.7598712410889948,0.24012875891100516,2.0671998655789756,val
0.7668103588808234,0.23318964111917662,0.014184995360858025,val
0.7308193503870142,0.2691806496129858,1.5882352166523013,val
0.638208518049634,0.36179148195036603,2.198850568612294,val
0.6265427567670663,0.3734572432329337,0.018218700230342798,val
0.7467162484887225,0.25328375151127747,0.01457178611593053,val
0.7068893092147829,0.2931106907852171,0.01675642478900476,val
0.8026195530128949,0.1973804469871051,0.014851435240841785,val
0.7355247597379853,0.26447524026201474,1.5489237372237448,val
0.6766391089591874,0.32336089104081256,3.320493704629063,val
0.729313412993674,0.270686587006326,2.2799337187441524,val
0.7944236667667538,0.2055763332332462,0.016257865342080458,val
0.7966732016857567,0.20332679831424327,0.0753378642771671,val
0.8571478811183414,0.1428521188816586,0.013100701695417615,val
0.7906026767636376,0.2093973232363624,0.017859105323795577,val
0.668751258718472,0.33124874128152815,0.02105817878559703,val
0.757953752666196,0.24204624733380398,0.0517133204723915,val
0.8775955582337563,0.12240444176624365,0.008121850767670412,val
0.9079823399542472,0.09201766004575285,0.0075101991262217895,val
0.7496246644680958,0.25037533553190405,1.1082882349628527,val
0.7126746065815394,0.28732539341846064,0.16613127262158844,val
0.6890200398065024,0.3109799601934976,0.02419598669504402,val
0.6088699907112102,0.39113000928878994,0.018560895845535476,val
0.6326341973864889,0.36736580261351115,0.018089023129304053,val
0.6372526820575045,0.3627473179424955,0.01798670879584648,val
0.7374224050660102,0.2625775949339898,0.014934139448034511,val
0.5479836872694049,0.45201631273059506,0.019348981558164526,val
0.8621810842018719,0.1378189157981281,0.009007451302333368,val
0.6517243258233513,0.34827567417664873,2.586869894148019,val
0.7969093587527204,0.2030906412472796,0.06282701222609398,val
0.7498597203127464,0.2501402796872536,0.014446256866351587,val
0.6810976947688606,0.3189023052311394,0.04897782619882309,val
0.6357702977515137,0.3642297022484863,0.04377174234937945,val
0.6849683543487008,0.31503164565129915,0.2380277960054267,val
0.8584756841482685,0.14152431585173153,0.011116583644600048,val
0.7768289713258254,0.2231710286741745,0.015643284637689558,val
0.6558019272400071,0.3441980727599929,2.558641669236047,val
0.756182083335141,0.24381791666485908,0.014189258111245082,val
0.7147480030455534,0.2852519969544466,0.01576267457259402,val
0.7284346626386247,0.27156533736137534,1.1278109807923489,val
0.6974554716900909,0.3025445283099091,0.019770564222934828,val
0.6803815034355662,0.31961849656443375,0.06840686274884254,val
0.7816727431420186,0.21832725685798138,0.08745162100662728,val
0.8637716645602784,0.13622833543972157,0.0299671138556827,val
0.8048598253238007,0.19514017467619926,0.019105381732679182,val
0.7310541371117193,0.2689458628882807,1.5117448247812608,val
0.8019081425205677,0.19809185747943225,0.12724598344326382,val
0.7677420857259026,0.23225791427409737,0.11095868895510833,val
0.8602218196581827,0.13977818034181733,0.009995566915651217,val
0.7875605788476996,0.2124394211523004,0.012825195308775152,val
0.6408546683984565,0.3591453316015435,2.0434642043628277,val
0.6780031281953234,0.3219968718046766,0.07138610054623355,val
0.8901906284543267,0.10980937154567327,0.008385164631245237,val
0.6898411920357691,0.3101588079642309,0.06619819297642883,val
0.7108875149913884,0.28911248500861164,0.030163055474726436,val
0.5952027571623547,0.4047972428376452,2.2814204429558362,val
0.7802193141052538,0.2197806858947462,0.05255855362553788,val
0.675865675544001,0.324134324455999,0.37380309746209855,val
0.7440937505163694,0.2559062494836306,0.014675364296828659,val
0.7362271524978247,0.26377284750217544,0.015668170690621847,val
0.5851040625681682,0.41489593743183184,0.04019092859808648,val
0.7640242512685448,0.23597574873145521,0.04631705986825093,val
0.7412048341870645,0.2587951658129355,1.7421348902530884,val
0.8111374232920969,0.18886257670790307,0.014834413509656464,val
0.8502430809536954,0.14975691904630462,0.009670983510958032,val
0.6062740739622449,0.39372592603775514,0.021673851587118785,val
0.7270001565321162,0.27299984346788375,0.10549927137114821,val
0.6261237028257827,0.3738762971742172,8.511124090045115,val
0.7078381638417016,0.29216183615829827,0.12999503445620988,val
0.635752437214147,0.364247562785853,0.038667123880789474,val
0.7706107893675206,0.2293892106324794,1.3651737684896423,val
0.6727187759224291,0.3272812240775709,0.0305402052990933,val
0.7718163319021994,0.22818366809780055,0.12039806005669423,val
0.710059634313123,0.289940365686877,0.043684419561289205,val
0.639958518181659,0.36004148181834095,2.8053821548726,val
0.6343875027466521,0.3656124972533479,0.03359057175251969,val
0.8107541876910233,0.18924581230897675,0.011723717272230056,val
0.6143156643462565,0.3856843356537434,4.580667681615921,val
0.7641078678978195,0.23589213210218052,0.05716561069063721,val
0.8665961941943409,0.13340380580565914,0.008757094752079989,val
0.6866349720058113,0.31336502799418875,0.01667919778785298,val
0.5819197715558502,0.4180802284441498,0.05343583400514043,val
0.771679921955277,0.22832007804472298,0.10252863603066066,val
0.6830965090940625,0.3169034909059375,0.01678577615473626,val
0.6892308847648491,0.31076911523515105,0.3057986813290342,val
0.770155958185839,0.22984404181416096,0.019093388748977053,val
0.6539319894301405,0.3460680105698595,0.01830658225143277,val
0.6884229102480554,0.31157708975194465,0.016624594903557503,val
0.8347226812477233,0.1652773187522767,0.011204336641312013,val
0.704428468473995,0.2955715315260051,0.017736856859144043,val
0.6278645970855883,0.3721354029144117,0.22189869012463048,val
0.8121988378221268,0.18780116217787324,0.094840990913602,val
0.6908090021601784,0.30919099783982174,0.10406897168396023,val
0.8188849651764087,0.18111503482359126,0.08220871222350894,val
0.7974797490751797,0.2025202509248203,0.24986755125527005,val
0.6960460747211251,0.3039539252788749,0.024690601659174922,val
0.6934354500439807,0.30656454995601934,1.4614122393342277,val
0.6317632402180597,0.36823675978194026,5.111336383755858,val
0.6980212487800136,0.3019787512199865,0.01632287903238258,val
0.6586414680486885,0.3413585319513115,2.5421894980784114,val
0.7786225596084883,0.22137744039151175,0.013228644861384427,val
0.7030609193176715,0.29693908068232855,0.1379035885339064,val
0.713515042301834,0.28648495769816595,3.225076832780413,val
0.8839013621661151,0.11609863783388485,0.007750310079933732,val
0.7649615547767956,0.23503844522320438,0.01382239797535064,val
0.774938737179729,0.22506126282027106,0.013391489859104657,val
0.6731740747354074,0.32682592526459264,5.559203649597283,val
0.7050813853288309,0.2949186146711691,0.2802931672513257,val
0.7557209167901408,0.24427908320985925,0.2137759050724412,val
0.5805840595635852,0.41941594043641484,0.06591587666897294,val
0.6734164738361523,0.32658352616384767,2.628037432424515,val
0.851810356594173,0.14818964340582697,0.07197980663298108,val
0.5970355836776743,0.4029644163223258,1.5949326818687561,val
0.7388787955917463,0.2611212044082538,0.026325820057740163,val
0.7056368279804022,0.29436317201959794,1.6598419443620684,val
0.8072034596356544,0.19279654036434557,2.004304841563889,val
0.7825489428116779,0.21745105718832214,0.02277152663134188,val
0.871240962820514,0.128759037179486,1.106232339987278,val
0.7996901054748616,0.20030989452513837,0.012258921679411037,val
0.7623291744334285,0.2376708255665715,0.1764957327268934,val
0.8938965751762995,0.1061034248237005,0.007150505127674587,val
0.6856063917924202,0.3143936082075798,2.62376182077363,val
0.7211589978966072,0.2788410021033928,0.018702281356798772,val
0.7062497823087006,0.2937502176912994,4.697075926343476,val
0.7189081472741977,0.28109185272580217,2.7972143323723686,val
0.8243488938718363,0.1756511061281637,0.030888789969756174,val
0.6448822994117501,0.3551177005882499,3.8811986558819576,val
0.6680468945435677,0.3319531054564323,2.1280134607315144,val
0.7544168878844618,0.2455831121155383,0.020347126066925156,val
0.6809262477204333,0.3190737522795667,0.01725042357050669,val
0.8671538228534884,0.1328461771465116,0.10119931804027472,val
0.7858014482888608,0.21419855171113922,0.012905530863276306,val
0.7669522086664857,0.23304779133351428,0.013737609024110874,val
0.6535268624487218,0.3464731375512782,0.11287697411559057,val
0.7829408849219555,0.21705911507804454,0.019984757443967292,val
0.5878419048604353,0.4121580951395647,0.08451745892932347,val
0.8679613869790419,0.1320386130209581,0.05470627649158099,val
0.7355824976932737,0.26441750230672634,3.824654994856782,val
0.6072154988445099,0.39278450115549013,3.4761414279431797,val
0.780860243978346,0.21913975602165403,0.13350546932724774,val
0.7876904302403218,0.21230956975967819,0.04311158482209505,val
0.7647622739632024,0.2352377260367976,2.2131004632479376,val
0.7464579626447714,0.2535420373552286,0.1333995498435499,val
0.6251073963648426,0.3748926036351574,7.7824448584222345,val
0.7291941627639674,0.2708058372360326,0.01524394184241833,val
0.6969247250110963,0.30307527498890374,0.04413102420217208,val
0.6870538116096171,0.3129461883903829,2.6100976576577137,val
0.7652278229943305,0.23477217700566955,1.701037817171535,val
0.8782150482048031,0.12178495179519688,0.009920329949937584,val
0.7298426669623053,0.27015733303769474,0.02086662586517531,val
0.7207372372307438,0.2792627627692561,0.015551521020778586,val
0.7271674568718134,0.2728325431281866,0.015318656132413507,val
0.7682023786898072,0.23179762131019277,0.013957413935892345,val
0.7533874596330057,0.24661254036699443,2.35767045921242,val
0.7028291204839457,0.29717087951605436,0.016166322065847293,val
0.9140946052138401,0.08590539478615988,0.02147773997537571,val
0.6991160948555201,0.30088390514447994,0.016287545747698678,val
0.729846392453055,0.27015360754694495,0.03210542060939565,val
0.7271230507617552,0.2728769492382449,0.018230775836200593,val
0.7604912483192573,0.2395087516807427,2.534355554714862,val
0.7918774229950961,0.20812257700490389,1.4076460317336403,val
0.7054655864151816,0.29453441358481836,1.788538776243239,val
0.6537921509673604,0.34620784903263957,0.3228314369204107,val
0.7684046556293793,0.23159534437062068,0.013675370468619125,val
0.6820280463437424,0.31797195365625774,0.016975394269009604,val
0.7776502235519035,0.2223497764480965,0.024939138337310887,val
0.7009203751127419,0.29907962488725826,0.030234924274234125,val
0.6741384536605328,0.3258615463394672,1.6241921487969573,val
0.6220026263067191,0.3779973736932809,1.0704996130033249,val
0.7235884932472463,0.2764115067527537,4.00265313522269,val
0.6841640358909331,0.3158359641090669,0.02168823307722434,val
0.7899798875805887,0.21002011241941132,0.019098706552722014,val
0.6906910872969724,0.3093089127030276,0.01655460193201163,val
0.5708717748188148,0.4291282251811852,0.02706573692369892,val
0.6530421475168724,0.3469578524831276,0.017610992050021954,val
0.874686747006408,0.12531325299359186,0.08101291527736555,val
0.5977149806054506,0.4022850193945494,0.08898967019624064,val
0.6586801827233119,0.34131981727668814,0.04135520167152309,val
0.6063481210199217,0.39365187898007825,0.018605587618556872,val
0.5835887732515558,0.4164112267484442,0.05687757829948015,val
0.7925261922474484,0.20747380775255164,0.11587594579298563,val
0.8963269461495631,0.1036730538504369,0.048690797193707974,val
0.7948298738614931,0.20517012613850694,0.016385142332911155,val
0.7468898598526238,0.2531101401473762,0.014564892317988742,val
0.6687311886349099,0.33126881136509023,3.021932176997715,val
0.7008544724186322,0.2991455275813679,0.01966804225715638,val
0.8676313759894507,0.13236862401054927,0.010695713648402902,val
0.8804357631166332,0.11956423688336681,0.09542102134418368,val
0.7050510432070515,0.2949489567929485,0.0173503546570462,val
0.691898786874203,0.30810121312579697,0.016517003964747867,val
0.6463545764972626,0.35364542350273753,0.1484897333843809,val
0.6863182620830433,0.31368173791695686,0.2910051801380602,val
0.6340403500485822,0.36595964995141783,0.01805823670906221,val
0.8381930077488766,0.16180699225112338,0.014083257873733247,val
0.7155087636989046,0.2844912363010954,3.4072700145280788,val
0.7764524440536403,0.22354755594635967,0.02347930078098065,val
0.6253220914880002,0.3746779085119998,0.018243964447370507,val
0.6998424600010505,0.30015753999894945,0.023590968014227505,val
0.6587343716738047,0.34126562832619534,0.01746573951391313,val
0.7069019676945707,0.2930980323054293,0.0167574799926297,val
0.8019081425205677,0.19809185747943225,0.0452719455529062,val
0.6458065726672942,0.35419342733270576,2.298522146264957,val
0.7782742799356096,0.2217257200643904,0.013244126819477623,val
0.7580355593719766,0.24196444062802336,2.0434358856774537,val
0.8223972785765743,0.1776027214234257,0.0111414645667162,val
0.7609875870382484,0.23901241296175157,0.01536792548295312,val
0.6758099429371719,0.3241900570628281,0.020286884392045023,val
0.7283093431672973,0.27169065683270266,0.16669213674679065,val
0.6735634572440551,0.3264365427559449,0.01706306864170279,val
0.6487464728399165,0.3512535271600835,1.136783047033427,val
0.8050517588417007,0.19494824115829934,0.037994841413217816,val
0.8000973911134809,0.19990260888651912,0.012239534655991426,val
0.6823460495193582,0.3176539504806418,0.029397197644483637,val
0.7882346674486257,0.2117653325513743,0.09003529464033778,val
0.6553349395018598,0.34466506049814016,4.118142794046508,val
0.66322223539753,0.33677776460247,0.01734757047177899,val
0.7695156077985862,0.2304843922014138,0.013627552674151257,val
0.8291156845589995,0.17088431544100047,1.171722564930399,val
0.8749492525224009,0.12505074747759914,0.06200334172914167,val
0.74907793689649,0.25092206310350995,3.404532883483616,val
0.5766794553594072,0.42332054464059277,0.5812936192610613,val
0.6391271890857102,0.3608728109142898,0.018689179876224024,val
0.7687926934384581,0.23120730656154187,0.13019380615223033,val
0.6931376535321999,0.3068623464678001,5.120815642753387,val
0.8000866945815167,0.1999133054184833,0.012240044125377172,val
0.8631452691646664,0.13685473083533362,0.08671003898156714,val
0.7632402999575174,0.23675970004248248,0.013895234164498525,val
0.6386878561368065,0.36131214386319355,6.529512006088699,val
0.8027147742711686,0.19728522572883145,0.28413213213678123,val
0.7371398458880123,0.2628601541119877,0.17540470294949595,val
0.7858643453871818,0.21413565461281825,0.14293221088379643,val
0.7012267744523262,0.2987732255476738,3.1030634132432398,val
0.7334332717671873,0.2665667282328127,0.08277901775822007,val
0.5964660575656293,0.4035339424343707,0.033464315920744926,val
0.6791201744423477,0.32087982555765227,0.052179348914817326,val
0.6941261629369666,0.3058738370630335,0.01644706080230825,val
0.7833496751903238,0.21665032480967628,0.018026522294204494,val
0.7432010679043273,0.2567989320956727,0.032714014035699374,val
0.7331569756249195,0.26684302437508045,0.015096031742502854,val
0.7352996669922335,0.2647003330077665,0.042543066988380784,val
0.7948759430514606,0.2051240569485394,0.07042327920530693,val
0.6573096547201417,0.3426903452798583,1.417329330245633,val
0.6586063027312439,0.3413936972687561,0.01973387939901208,val
0.6740486506887702,0.3259513493112298,4.918268027186785,val
0.6825033212017114,0.3174966787982886,1.6551594270330252,val
0.6722365185365315,0.32776348146346845,1.3833032908483407,val
0.8615363038742597,0.13846369612574028,0.009043790087428368,val
0.6495624738242416,0.3504375261757584,0.04502772754987492,val
0.6400297924914339,0.3599702075085661,0.029304243437423105,val
0.6556012015988716,0.3443987984011285,6.600477903110726,val
0.6651086041220111,0.3348913958779889,0.1861531117579048,val
0.6559125938861817,0.3440874061138183,0.024114378346148595,val
0.6083966163013419,0.3916033836986581,0.40982463807133906,val
0.6769976830665043,0.3230023169334957,0.613267428226329,val
0.5891985081066469,0.41080149189335313,12.134126239972701,val
0.7961601333618092,0.20383986663819065,0.01242593843119692,val
0.8175696045210402,0.18243039547895978,0.09426567854949243,val
0.8853453589267164,0.1146546410732836,0.047733088870461286,val
0.6097401255428477,0.39025987445715227,0.022743628606368076,val
0.6996404493061188,0.3003595506938812,4.415458973614095,val
0.7881488722774956,0.21185112772250436,0.0912063269018255,val
0.5747178128422841,0.42528218715771593,0.021119043615445005,val
0.7239946858370961,0.27600531416290386,0.015434351483759625,val
0.5808604117714374,0.41913958822856257,2.3231414419653973,val
0.6554923045134805,0.3445076954865196,0.06285873053563305,val
0.6176835132898704,0.38231648671012963,0.025366637544674286,val
0.637783943649451,0.362216056350549,9.073030901860948,val
0.6143156643462565,0.3856843356537434,2.594464702832195,val
0.6360402030174725,0.36395979698252745,0.1154100321842061,val
0.6682967191583534,0.3317032808416466,0.07231315721581527,val
0.702765701134183,0.297234298865817,3.1337510952409158,val
0.6873081714978307,0.31269182850216926,0.022114489031734613,val
0.6067292554422767,0.39327074455772326,0.05014547083170839,val
0.7943490529430749,0.2056509470569251,0.022300454901639573,val
0.7403297235403913,0.25967027645960883,2.7924858255116596,val
0.8859050625086368,0.11409493749136324,0.04894148208022966,val
0.8255016471490161,0.17449835285098392,0.11763916616392853,val
0.7401184648260954,0.25988153517390455,0.10516233780239788,val
0.8878086270877789,0.11219137291222114,0.007517420858632975,val
0.7662541452701189,0.23374585472988108,0.10956086341430483,val
0.7220944729174196,0.27790552708258043,0.015502900517160845,val
0.6751356254691953,0.32486437453080474,6.157067572903966,val
0.8060493517680695,0.19395064823193053,1.7062652489795804,val
0.6546193007851137,0.34538069921488634,4.13931346389333,val
0.712692657754613,0.2873073422453871,3.529230658797417,val
0.6336598238349354,0.36634017616506465,9.52862025543562,val
0.8608237091396214,0.13917629086037864,0.01117825088670025,val
0.874707913223155,0.125292086776845,0.010429218898562211,val
0.6515415260862232,0.3484584739137768,0.48815185767774344,val
0.7874521188857648,0.21254788111423517,1.191907849721457,val
0.6984977354120346,0.30150226458796536,0.0634141324600506,val
0.723614397735869,0.276385602264131,0.015448114695540539,val
0.8698778547917292,0.1301221452082708,0.008569287348756118,val
0.6646108387411979,0.33538916125880214,0.02424638835175776,val
0.7053646766899332,0.2946353233100668,0.05931502437398675,val
0.6770856683617732,0.3229143316382268,0.19900555279006518,val
0.7765781826423,0.22342181735769995,0.019403843390336947,val
0.754003399472055,0.24599660052794503,0.01665060064348834,val
0.6819449120979036,0.31805508790209636,0.03321891761112313,val
0.7202197683958312,0.27978023160416876,1.2080294031744219,val
0.6112917452289051,0.38870825477109494,2.7230434521460936,val
0.7157279539681476,0.2842720460318524,0.021528936040195543,val
0.8002792617372517,0.19972073826274828,0.019293059049623966,val
0.6693049242420175,0.3306950757579825,6.080451538792284,val
0.7993127578302732,0.20068724216972678,0.03907254516022399,val
0.6694856516635127,0.3305143483364873,5.9481831456932435,val
0.7273664779231087,0.2726335220768913,0.031359568059612264,val
0.9069626366753215,0.09303736332467849,0.006451960932499386,val
0.6281055801215943,0.37189441987840566,8.818470478036618,val
0.8985507346805839,0.10144926531941612,0.00752669029859593,val
0.6133114976057424,0.38668850239425756,7.311886690099718,val
0.779915809382551,0.22008419061744888,0.01317099933557624,val
0.7272755618409662,0.2727244381590338,0.022436879425688686,val
0.6800470876782394,0.3199529123217607,0.016876039610342855,val
0.8887264255195663,0.11127357448043373,0.007462421030845355,val
0.8848113358580436,0.11518866414195639,0.007840473741917906,val
0.6720107887379023,0.3279892112620977,1.2606053633842795,val
0.7353673654374214,0.2646326345625786,0.016875614459183414,val
0.6736804009493472,0.3263195990506528,0.017059754214401774,val
0.6680035911499993,0.3319964088500007,0.017218141892111846,val
0.6022356098552535,0.3977643901447466,0.01900086468721463,val
0.6300171664692671,0.3699828335307329,0.02072793266588674,val
0.7845829980968472,0.21541700190315283,0.021210720031555778,val
0.6363904222515692,0.36360957774843083,0.026285519455026645,val
0.8865195063215832,0.11348049367841684,0.007767578711354458,val
0.6580408856349085,0.3419591143650915,0.027984392126955946,val
0.8079535377580942,0.1920464622419058,0.011860867415797819,val
0.6328131824730386,0.36718681752696136,4.98966027124725,val
0.7952658238039025,0.20473417619609746,0.0763828288557669,val
0.7415696885892796,0.25843031141072037,0.05540451957351926,val
0.7204325934939418,0.27956740650605816,1.7011620435139287,val
0.7175260707413985,0.2824739292586015,0.03174350454014073,val
0.6704379654238509,0.3295620345761491,0.31734698933564465,val
0.9020337265138544,0.09796627348614562,0.007686057355657811,val
0.8018833533809423,0.1981166466190577,2.4070246459021543,val
0.7160420662371211,0.2839579337628789,0.029453204588940303,val
0.8811221904882849,0.11887780951171512,0.11556225659263308,val
0.7983955848774115,0.20160441512258853,0.012320381291534354,val
0.8023151528589574,0.19768484714104262,0.015259839752293714,val
0.7120119208650938,0.2879880791349062,0.01585728797863609,val
0.6149038438636896,0.38509615613631043,0.0184497650561224,val
0.7809664827873382,0.21903351721266195,0.014030045793381967,val
0.9190735227183542,0.08092647728164581,0.005581444224633869,val
0.6924414958519631,0.30755850414803687,0.024412868497701207,val
0.7014142425498721,0.29858575745012794,0.059655697683662086,val
0.8851959260313826,0.11480407396861736,0.02391061157850765,val
0.6457360817574613,0.35426391824253867,0.01778982136418758,val
0.682706711477452,0.3172932885225481,0.1893257612269102,val
0.873543402774394,0.12645659722560598,0.09834375765260983,val
0.7055863865345489,0.29441361346545125,0.09905311500863548,val
0.801496708313867,0.198503291686133,0.013195711557721871,val
0.8979525894111838,0.10204741058881617,0.029577587952641076,val
0.7989652475055369,0.20103475249446312,0.012293365623404436,val
0.5867579184920177,0.41324208150798225,5.5290914409490455,val
0.7283369054757964,0.27166309452420356,0.39952796965347215,val
0.6007451259922172,0.3992548740077828,0.01965676419259414,val
0.8786560513303815,0.1213439486696185,1.1596741251118856,val
0.7862587555217658,0.21374124447823417,1.9594276442860354,val
0.7648259622056693,0.23517403779433066,0.02051405980127004,val
0.796831247849143,0.20316875215085695,0.01239432520548625,val
0.6693585237578041,0.330641476242196,4.33722092958103,val
0.677507995071412,0.322492004928588,0.022783750164112573,val
0.7953343499806725,0.20466565001932746,0.012464747228128499,val
0.6359415687563456,0.36405843124365445,1.3986615446477912,val
0.7176937101684033,0.28230628983159667,0.015659515541886777,val
0.5770301758674075,0.42296982413259254,0.01904891068570635,val
0.7937633242397266,0.20623667576027338,0.01253830469851089,val
0.657146830536002,0.342853169463998,2.805455622688196,val
0.8236401299134272,0.17635987008657283,1.921917424951651,val
0.8099992852573662,0.1900007147426338,0.05006753609076579,val
0.691321803580955,0.30867819641904504,1.291571999996102,val
0.9543223536201288,0.04567764637987115,0.0032485989423319374,val
0.8895240665506363,0.11047593344936368,0.010266813902126182,val
0.8676785201595457,0.13232147984045428,0.009972237725810002,val
0.57925182878411,0.4207481712158899,0.6027281323546708,val
0.8353108932510318,0.1646891067489682,0.1334497305595646,val
0.6891445489543269,0.31085545104567314,0.05541987666259811,val
0.8586239432804338,0.1413760567195662,0.009452502092978418,val
0.7918980511644272,0.20810194883557276,0.20909444680561917,val
0.639911520452918,0.360088479547082,0.02326140650569321,val
0.6157602827668821,0.3842397172331179,0.02518219423005878,val
0.7289434331370972,0.2710565668629028,0.02446563499246127,val
0.6812847273241122,0.31871527267588795,0.04593061065123566,val
0.7528158280120568,0.24718417198794318,0.03576200794689318,val
0.7761864439020445,0.2238135560979555,0.019436759309948766,val
0.814804962670684,0.18519503732931597,0.045902449110343004,val
0.6629015916956146,0.3370984083043854,0.22287706934269597,val
0.7893790485391039,0.2106209514608961,0.023298816688742004,val
0.5970355836776743,0.4029644163223258,1.0757505466065302,val
0.8439753183754118,0.15602468162458816,0.06655727534412946,val
0.7897602651920004,0.21023973480799962,0.05909668946899511,val
0.7863591478913519,0.21364085210864803,0.014431519423792482,val
0.6973063601034435,0.3026936398965566,0.01634584894513867,val
0.789361903979578,0.21063809602042205,0.15575067063376863,val
0.6628219235171825,0.3371780764828175,0.017358241500146403,val
0.6427856391142259,0.3572143608857741,2.8018598489289315,val
0.6571375508870223,0.3428624491129777,3.998984542560209,val
0.9046635522652311,0.09533644773476879,0.04188223642348505,val
0.8156012783920169,0.1843987216079831,0.011483682757811248,val
0.9123323652002199,0.08766763479978013,0.0060404604261146445,val
0.6993984503775452,0.3006015496224548,5.1276694257246955,val
0.656628006726139,0.34337199327386103,0.05730002124701793,val
0.8209680824056655,0.17903191759433446,0.011213980921223983,val
0.6265622261662647,0.37343777383373533,0.02004528693862657,val
0.8051974054595622,0.1948025945404378,0.05708930221963714,val
0.7691161200870946,0.23088387991290538,0.014746665585726121,val
0.7086853762860779,0.29131462371392214,0.06461768556147214,val
0.7805794067854267,0.2194205932145733,0.013141323980531363,val
0.7620329719289027,0.23796702807109726,0.18517082537731766,val
0.7410740148482912,0.25892598515170884,0.019459045137657168,val
0.7032302839377431,0.296769716062257,0.018165437084661774,val
0.6413184448451059,0.3586815551548941,0.03898080946386565,val
0.668615324725884,0.33138467527411597,0.017201320126045177,val
0.6907323813327508,0.30926761866724917,0.016570889815550993,val
0.7299682463404548,0.27003175365954524,3.902745347676836,val
0.762695553751164,0.23730444624883595,0.09651153243646773,val
0.7995431432327814,0.20045685676721858,2.3286512627470786,val
0.6620207726662469,0.3379792273337531,2.1322707842458457,val
0.6171038014696952,0.38289619853030477,2.4703500546781654,val
0.8860944616895833,0.11390553831041672,0.008304445770535478,val
0.8666274474382346,0.1333725525617654,0.008755313065094115,val
0.6661766695562221,0.3338233304437779,0.10020758622893194,val
0.7876574943136705,0.2123425056863295,0.1678970576968342,val
0.6656824130442557,0.3343175869557443,0.05106732637756824,val
0.5884554629431009,0.4115445370568991,4.944306120895509,val
0.6749413183997667,0.3250586816002333,0.03344433995962662,val
0.7085053647158034,0.2914946352841965,2.978708634542861,val
0.6906394877573395,0.3093605122426605,0.3194898747000061,val
0.8090396467605417,0.19096035323945826,1.310796829063396,val
0.6400951287168632,0.35990487128313664,7.211747732046633,val
0.6780060169815567,0.3219939830184433,5.501527772886233,val
0.7809105840527311,0.21908941594726894,0.013126489738238753,val
0.7760519298457178,0.2239480701542822,0.01334249290397198,val
0.6429591446357162,0.35704085536428387,0.01785554469269322,val
0.6763312942820762,0.32366870571792383,4.850486476734948,val
0.6752765489543608,0.32472345104563927,0.12926095360900977,val
0.7345823074035435,0.26541769259645653,0.02629150364509188,val
0.7746814881752132,0.2253185118247868,0.0158700301730433,val
0.6515348410752902,0.34846515892470975,0.03593157154111448,val
0.6271417686830508,0.3728582313169492,0.018206214220392328,val
0.7791372700460164,0.2208627299539836,0.09666842873426942,val
0.8710480558435899,0.1289519441564101,0.011104982478152007,val
0.7245989283572486,0.2754010716427514,2.7936735871214204,val
0.6386532623313258,0.3613467376686742,0.050382945958247306,val
0.7431024506042747,0.2568975493957253,0.01585761613983719,val
0.7116881376457082,0.28831186235429185,3.4233504251808218,val
0.7738698164993901,0.22613018350060987,0.01976155618411303,val
0.8984062019519958,0.10159379804800417,0.006875551303386263,val
0.8563191034188856,0.14368089658111438,0.016035045590348483,val
0.6955715168118743,0.30442848318812565,0.0688823973100587,val
0.7185363414776429,0.2814636585223571,0.015629759484939082,val
0.7618959346099894,0.2381040653900106,0.01857366274702972,val
0.769237691095207,0.230762308904793,0.2608512232580872,val
0.4872852954266699,0.5127147045733301,0.4003702787292579,val
0.6087757552251596,0.3912242447748404,7.206696311246696,val
0.7774725341822906,0.22252746581770944,0.03854007816412899,val
0.6856031798342581,0.3143968201657419,0.016710479187226738,val
0.7025149103453916,0.2974850896546085,0.36774505632666865,val
0.8536435636264945,0.14635643637350548,0.04949408648855222,val
0.8817772230854092,0.11822277691459082,0.008205481446166845,val
0.7157870705933234,0.28421292940667664,0.023140763056574514,val
0.8059347865205899,0.19406521347941008,0.011959024933545035,val
0.6731771302113038,0.32682286978869624,5.569425597745692,val
0.7316785525506739,0.26832144744932596,0.08417150750766673,val
0.7891656498122132,0.21083435018778685,0.04862905724094287,val
0.7412256195223378,0.2587743804776622,0.0836448175256911,val
0.7486616842505038,0.25133831574949617,1.6893918026161332,val
0.79095553874564,0.20904446125436005,0.012668869656059975,val
0.6810354325646123,0.3189645674353877,3.434074683822864,val
0.6096706603677602,0.3903293396322398,8.100277684949132,val
0.699024659827639,0.30097534017236094,0.08093688208500845,val
0.720236762979914,0.279763237020086,1.4340370711149322,val
0.6590211797264103,0.3409788202735897,6.4400882307627665,val
0.8002275645643856,0.1997724354356144,0.03074229774568076,val
0.8722808529365496,0.12771914706345044,0.12071466338026113,val
0.8628308743797295,0.1371691256202705,0.008970772556245636,val
0.8252143803907814,0.17478561960921846,0.013790857545390358,val
0.6948590511329013,0.30514094886709875,0.023387396679622485,val
0.7776546758244749,0.2223453241755251,0.013271625455021741,val
0.8810617166748587,0.11893828332514134,1.095772440182277,val
0.8658743567064211,0.1341256432935789,0.01154772206671151,val
0.7591524815981467,0.24084751840185326,0.014066432760354748,val
0.6455360958250996,0.35446390417490037,2.525786923839752,val
0.8457370507629111,0.15426294923708894,0.009916310222863624,val
0.8786727767575307,0.12132722324246925,0.08075087571653466,val
0.6726401246392073,0.3273598753607927,0.024132857965458325,val
0.7202928346236331,0.27970716537636686,1.6766148431575818,val
0.6999279821475505,0.3000720178524495,0.12499885879601116,val
0.724443464834426,0.275556535165574,3.2111790984644637,val
0.6681920115640835,0.3318079884359165,0.028918715334992046,val
0.615640616623406,0.38435938337659403,0.022664818989058835,val
0.6925257126645338,0.3074742873354662,0.03822125957616109,val
0.8596456574240123,0.14035434257598767,0.009150015206445709,val
0.7030337919050322,0.29696620809496777,0.01955575350971479,val
0.6530364078240484,0.34696359217595163,0.03177951379843809,val
0.6743109002646387,0.3256890997353614,5.07255010492811,val
0.8125902085415,0.1874097914585,0.1362924102906272,val
0.6839849565590299,0.3160150434409702,0.016759201779830066,val
0.9081013324148459,0.09189866758515408,1.421635754473348,val
0.666046490856804,0.333953509143196,0.017271559431921372,val
0.7954863043328276,0.20451369566717237,0.012457613403601926,val
0.6694206398716587,0.3305793601283413,0.017179084450180727,val
0.6757291949410631,0.3242708050589369,1.2482179336211867,val
0.8987344965557711,0.10126550344422891,0.10796294885651522,val
0.6403936895172956,0.3596063104827044,0.10436520915030001,val
0.7435176406643094,0.25648235933569064,0.017369896008313502,val
0.7799163823161558,0.2200836176838442,0.25191158864039737,val
0.6914778105177896,0.30852218948221044,0.43196848102881,val
0.756789215427827,0.24321078457217304,0.11321196446042502,val
0.6577171167244363,0.3422828832755638,5.8117839092270485,val
0.7897546240203499,0.2102453759796501,0.0653132714588206,val
0.7515039950311466,0.24849600496885338,0.015233049488773867,val
0.6543647991933119,0.3456352008066882,0.022898572637898414,val
0.6776133036516541,0.32238669634834594,0.024648884081549575,val
0.8198966805405473,0.18010331945945268,1.259634495168183,val
0.6321817515773563,0.36781824842264366,0.01809886113212439,val
0.8018526525157286,0.19814734748427143,0.017427217305525905,val
0.5909064964331618,0.40909350356683816,1.7311132003242937,val
0.6312523401524169,0.36874765984758306,0.06859300581980429,val
0.7023399147443505,0.29766008525564946,1.7056571076033442,val
0.8940300530651925,0.10596994693480755,0.007660787829493126,val
0.7093167688989788,0.29068323110102123,0.2696226078904717,val
0.7405137504222752,0.2594862495777248,1.7788359099314472,val
0.6208209265676943,0.3791790734323057,5.761308311688436,val
0.7896464305951281,0.21035356940487193,1.8668392569165602,val
0.7193318352923491,0.28066816470765077,0.14972270118010586,val
0.6223343988529345,0.3776656011470655,0.19850066578155365,val
0.8907483701367955,0.10925162986320447,0.02402593643555319,val
0.7819624905560356,0.21803750944396438,0.09566579203791331,val
0.6499887381279331,0.3500112618720669,1.0726453023734397,val
0.7629696300716655,0.23703036992833437,0.017470212739034596,val
0.6612232041405781,0.3387767958594219,1.565508665752411,val
0.6556169607801319,0.3443830392198681,2.396944218972106,val
0.7098050164485885,0.2901949835514115,0.298986975927711,val
0.86228476774851,0.13771523225148996,0.013307697927247895,val
0.8940792167627463,0.10592078323725374,0.007139421559711202,val
0.7781601095384908,0.2218398904615092,0.01324919808755537,val
0.9110377640287514,0.08896223597124864,0.015871753499564385,val
0.7692900180154445,0.2307099819845555,2.8118937172388527,val
0.5637755166578289,0.4362244833421711,0.08074934635979458,val
0.6941028899664421,0.3058971100335579,1.5271530706253071,val
0.7760317084106403,0.2239682915893597,0.013343384586628987,val
0.7882144697594595,0.21178553024054048,0.027679607251514214,val
0.6463947130949268,0.3536052869050732,0.04082767991837649,val
0.7886591293144475,0.21134087068555252,0.014572056246434617,val
0.7741514001600377,0.22584859983996242,0.0364078725369715,val
0.6187023543193851,0.38129764568061486,0.018376769453482322,val
0.7943768991753123,0.2056231008246877,0.01586964020830184,val
0.772966678080422,0.22703332191957803,0.01347783775581622,val
0.7337122272389573,0.26628777276104265,1.7094810480446208,val
0.7046146870428345,0.2953853129571655,0.01610725996280899,val
0.6480994072517882,0.35190059274821184,0.08254468348030583,val
0.7100033189848982,0.2899966810151018,0.01655476303008292,val
0.7800655541504546,0.21993444584954536,0.020874905816304627,val
0.6185039574686843,0.38149604253131575,6.618587626533236,val
0.6938177378871276,0.30618226211287236,0.018932945915681773,val
0.8006453132567821,0.19935468674321788,0.014144459338560202,val
0.7831513017270346,0.21684869827296538,0.02710661932907281,val
0.6152957842726292,0.3847042157273708,0.049460186883213,val
0.7251986916205208,0.27480130837947925,0.015390629744885443,val
0.7458341539578798,0.2541658460421202,0.01461843711257418,val
0.7235884932472463,0.2764115067527537,0.015449051408154522,val
0.7957529575859187,0.20424704241408131,0.12249721759816756,val
0.6574969789085061,0.3425030210914939,0.017530568363045052,val
0.6129121892918326,0.38708781070816745,0.2930628874561175,val
0.7615146997358256,0.23848530026417436,0.07853002089274258,val
0.8984185180494163,0.1015814819505837,0.006874796715778412,val
0.5704338413258656,0.4295661586741344,0.019129242040340885,val
0.6852215885399044,0.31477841146009555,2.779796916541853,val
0.7617081067214821,0.23829189327851785,1.338610226896659,val
0.7062502398372035,0.2937497601627965,0.5025410168985976,val
0.7261367725552377,0.2738632274447623,0.02137835274064928,val
0.7752508247632921,0.2247491752367079,0.06615176378272389,val
0.6503460073636687,0.34965399263633135,6.001178331933139,val
0.8074494518235283,0.19255054817647166,0.014606094425901713,val
0.7121167008416811,0.2878832991583189,0.02022007153648752,val
0.7435489429071289,0.2564510570928711,0.014696750948175163,val
0.8002679056073849,0.19973209439261508,0.013036260535086629,val
0.6630208169295481,0.33697918307045205,1.4506204243294696,val
0.771518427956078,0.22848157204392205,0.16182875122733859,val
0.733080682931107,0.26691931706889316,0.01586851152174518,val
0.7469664068800147,0.2530335931199853,0.014561851319548725,val
0.8212589791002417,0.1787410208997583,0.14589966351575628,val
0.6907787268550678,0.3092212731449322,0.01655188125915922,val
0.8051064397694327,0.19489356023056725,0.013488345771534545,val
0.882093573224571,0.11790642677542895,0.011143479785163406,val
0.7861618759844781,0.21383812401552194,0.012923517155130529,val
0.7374191734939025,0.2625808265060975,0.14597646575725437,val
0.8662662108448655,0.13373378915513445,0.01270054851849909,val
0.6718438538417123,0.3281561461582877,0.3514609751329649,val
0.6852215885399044,0.31477841146009555,0.6478713825284907,val
0.6549809390132519,0.34501906098674806,0.017562100477888438,val
0.8427776952054797,0.15722230479452026,0.010381277371519027,val
0.6650175093615935,0.33498249063840646,0.01729940019141723,val
0.6463947130949268,0.3536052869050732,0.23393740089182302,val
0.8585211123410788,0.14147888765892125,0.022623368956017225,val
0.8746260012519032,0.12537399874809685,0.008294965347112715,val
0.7884463300454492,0.21155366995455083,0.027610648200974496,val
0.6819541943382069,0.3180458056617931,1.8605875591065542,val
0.8873908471594951,0.11260915284050488,1.1823261898367539,val
0.6604135171288172,0.33958648287118287,0.07898134861033465,val
0.7473049048648868,0.25269509513511323,0.021305885154104077,val
0.7751442117505682,0.22485578824943175,1.2960017298362583,val
0.6997584016203953,0.30024159837960473,1.8120171697182952,val
0.6863728982235731,0.31362710177642694,0.016687159110626786,val
0.8081912237883869,0.19180877621161307,0.21769181737142246,val
0.7987767713096895,0.2012232286903105,0.037704181686361415,val
0.781931839136827,0.21806816086317304,0.013080643168566029,val
0.8781052677733382,0.1218947322266618,0.10651350034352268,val
0.6705267231226854,0.32947327687731465,0.06234508427588647,val
0.6193297686340847,0.38067023136591527,0.0960488174145881,val
0.7134170130769931,0.2865829869230069,0.020244192159536746,val
0.5898391715627906,0.41016082843720936,0.3776590336517387,val
0.9234470737700841,0.07655292622991594,0.005300515140500595,val
0.6916557401465825,0.3083442598534175,1.3539184637293133,test
0.8139574916168798,0.1860425083831202,0.018222515234212835,test
0.6257164784639258,0.37428352153607425,1.325510666582025,test
0.8452817869861533,0.1547182130138467,0.03289950934587155,test
0.732583566689454,0.267416433310546,0.0743292252841121,test
0.8594524950417048,0.14054750495829516,0.015060820454737969,test
0.5997540885129248,0.4002459114870752,1.3972231917067488,test
0.6987023042644666,0.30129769573553344,0.20023086715421556,test
0.740198341798232,0.25980165820176804,0.02220302244379154,test
0.7195185378039499,0.28048146219604997,0.09521291440446737,test
0.7743499689632067,0.22565003103679326,0.15329765354495462,test
0.7698838414926351,0.2301161585073649,0.019300935399620016,test
0.7838128977931338,0.2161871022068662,0.017977576091981362,test
0.8971956208184163,0.1028043791815837,0.009980843100901556,test
0.5375019857971594,0.46249801420284065,0.05134565573768003,test
0.7112706770479208,0.2887293229520792,0.02514523345985541,test
0.7314936926782066,0.26850630732179337,0.15647556489124936,test
0.7951504106012249,0.20484958939877518,0.016917678470267903,test
0.8315717300278533,0.16842826997214666,0.06652496983432568,test
0.6112708618185025,0.38872913818149746,0.03632751126819927,test
0.7731489854862904,0.2268510145137096,0.04031711339077266,test
0.6518768096815226,0.3481231903184774,0.03949466960126832,test
0.7469443028784206,0.2530556971215794,0.03193751320973563,test
0.6031428632613437,0.3968571367386563,0.0383633329359002,test
0.6975344761687421,0.3024655238312579,1.2176720272441546,test
0.6503149548273081,0.34968504517269194,1.3387773984470188,test
0.785813065702458,0.214186934297542,0.05966988735484499,test
0.636067550336417,0.36393244966358296,0.32788890456493364,test
0.7224335385722043,0.27756646142779573,0.032274428560608304,test
0.782465497488191,0.21753450251180895,0.01810455701866289,test
0.6520888176517534,0.3479111823482466,1.3721739607991215,test
0.8662394442487551,0.1337605557512449,0.010597824889719552,test
0.7846747574270639,0.21532524257293606,0.01789646762732284,test
0.734851181071948,0.265148818928052,0.022738115407947082,test
0.6845729360119293,0.31542706398807085,0.06120325172586177,test
0.8098601441603344,0.19013985583966564,0.016829968040578118,test
0.8941859661549407,0.10581403384505927,0.015244019704927992,test
0.695939481834639,0.30406051816536095,0.02675345152725821,test
0.8809330870773203,0.11906691292267968,0.0677082797743825,test
0.7712539018051893,0.22874609819481073,0.031060838001699786,test
0.8001720260818271,0.19982797391817275,0.14731235717036012,test
0.942018096600166,0.057981903399834,0.0439790416860922,test
0.6323091272936866,0.3676908727063134,1.3271612335453002,test
0.7212413450088413,0.2787586549911587,0.045664345475571286,test
0.620661232885871,0.37933876711412895,1.3668646485101064,test
0.6017052489287263,0.39829475107127366,0.12462371032154533,test
0.8575713015769701,0.14242869842302985,0.011340075953852552,test
0.680791267190915,0.319208732809085,0.18675081611996489,test
0.8271859762665316,0.17281402373346844,0.014002543640811708,test
0.6349859044303281,0.3650140955696719,1.172191176927767,test
0.8729661447142993,0.12703385528570066,0.030303910694348523,test
0.7093223852472927,0.29067761475270726,0.02899427186462314,test
0.7330470686947709,0.2669529313052291,0.02291953264698846,test
0.827263634830198,0.17273636516980195,0.013995615024519415,test
0.8854358418914335,0.11456415810856646,0.013106750576335884,test
0.7729665944006431,0.22703340559935692,0.0855912760166252,test
0.5476752837020427,0.45232471629795734,1.157184305057017,test
0.7362127529117085,0.2637872470882915,0.029156179896662963,test
0.8707631571970502,0.12923684280294978,0.010213404642933225,test
0.668421503475161,0.33157849652483895,0.031241044636908452,test
0.8589815260902929,0.14101847390970712,0.011218809162970621,test
0.7899587636706612,0.2100412363293388,1.163441877528218,test
0.7678369833928087,0.2321630166071913,0.020702557227492542,test
0.6452547475461102,0.35474525245388977,0.0323343365036206,test
0.7234151938184932,0.2765848061815068,0.0238957097760647,test
0.7450370470935778,0.25496295290642224,0.190283649883747,test
0.6237867782998772,0.37621322170012284,1.3868376093949462,test
0.8546352988496795,0.14536470115032052,1.149341470215336,test
0.7834169571392315,0.21658304286076846,0.07147300780851337,test
0.7799213135932749,0.22007868640672512,0.026161664696051298,test
0.8308036691732392,0.16919633082676078,0.03490940186283198,test
0.6883160303515061,0.3116839696484939,0.3206517243278693,test
0.8148157015190721,0.18518429848092788,0.04689069719491817,test
0.6347561425207878,0.3652438574792122,0.03373848919888559,test
0.7223746107629005,0.27762538923709934,0.02769287270514166,test
0.6016979923228377,0.3983020076771623,0.09112225673936786,test
0.8838222631927999,0.11617773680720012,0.011531199540059899,test
0.8154113929030076,0.18458860709699243,0.015060657897225355,test
0.6784305724550515,0.32156942754494855,0.07707127248997164,test
0.735237828536951,0.26476217146304915,1.2125724698282123,test
0.8802199153091763,0.11978008469082368,0.009416190018604827,test
0.6669913670267513,0.3330086329732487,0.0629543743289887,test
0.7064386938017686,0.2935613061982314,0.07013457923249561,test
0.6665453937251642,0.3334546062748358,0.38909014176307843,test
0.6964367393302113,0.30356326066978867,0.035016653309899844,test
0.7855954892096655,0.2144045107903345,0.019919311647775596,test
0.875196664827073,0.12480333517292697,0.009838582836562734,test
0.7854521904405635,0.21454780955943653,0.055346594530294696,test
0.7695909955225297,0.23040900447747026,1.2308227253531507,test
0.6874134982169682,0.3125865017830318,0.06346555696385507,test
0.8271029372786245,0.17289706272137562,0.08576283499081805,test
0.7167755268861066,0.2832244731138934,0.024576228476520818,test
0.7963245282210921,0.20367547177890788,0.03274312239070066,test
0.6258830099684348,0.3741169900315652,0.14703239192169376,test
0.7892261384520913,0.21077386154790867,0.017469615231111523,test
0.7230843389312082,0.27691566106879184,0.05814615169196496,test
0.7670172527802441,0.23298274721975587,1.033239582681144,test
0.6711968850271505,0.32880311497284953,0.029425175372573446,test
0.6510904925731644,0.3489095074268356,0.03166984525427551,test
0.78787702987305,0.21212297012695003,0.017595884482849444,test
0.7958540964057886,0.20414590359421136,0.1184721835622064,test
0.677901218206166,0.322098781793834,1.3806602685843135,test
0.7423735224495331,0.25762647755046686,0.14068288654595346,test
0.8326914025749026,0.1673085974250974,0.01488854317224623,test
0.7137636503706031,0.2862363496293969,0.09801305293554431,test
0.8578655494765144,0.1421344505234856,0.014082915562814335,test
0.93582443020193,0.06417556979807004,0.004895236113506678,test
0.5980557923203389,0.4019442076796611,0.21250573283051036,test
0.6772220592247971,0.32277794077520294,1.2847672202018987,test
0.6837799569486077,0.3162200430513923,1.2760915846862053,test
0.650964013796048,0.34903598620395215,0.03419052254231937,test
0.648152910694182,0.351847089305818,0.03200358728278648,test
0.6248686068635472,0.37513139313645283,1.0704175737271144,test
0.7889812297487577,0.21101877025124227,0.024347484813958764,test
0.6964367393302113,0.30356326066978867,0.02670073637562257,test
0.5901029467781926,0.40989705322180736,0.038928602436488664,test
0.7149824862467988,0.28501751375320106,1.3212507472577262,test
0.6574924823065494,0.34250751769345056,0.2152391119080378,test
0.6490562784963025,0.35094372150369746,0.37184918620075996,test
0.6345649245379049,0.3654350754620951,0.04238024533256242,test
0.6715684510311748,0.3284315489688252,0.1700763987634855,test
0.6047198148328933,0.3952801851671067,1.2589865243289202,test
0.6214993796705417,0.3785006203294583,0.03510275059487357,test
0.7734400401673271,0.22655995983267285,0.15915324147168652,test
0.7437844591382682,0.2562155408617318,0.28645730247184903,test
0.868970163194234,0.13102983680576596,0.023404529469163052,test
0.7042311076975439,0.29576889230245607,0.09006202085487355,test
0.7820938011740483,0.21790619882595175,0.01842400604812774,test
0.680053325715885,0.31994667428411505,0.028457699008131276,test
0.8678485260434823,0.13215147395651772,0.04774904104158425,test
0.585647822354176,0.414352177645824,0.039487918568783004,test
0.6834469783932186,0.31655302160678156,0.1553232266155761,test
0.7085024349557376,0.2914975650442624,1.1527908370868798,test
0.7947677752243151,0.20523222477568492,0.10197991657902632,test
0.7859136104094199,0.21408638959058024,0.01778003674589074,test
0.7301598757792791,0.2698401242207209,0.18374696808276667,test
0.6858138594775777,0.31418614052242233,0.08228990767332267,test
0.6880792479248298,0.3119207520751702,0.08900829005237904,test
0.8082560049412798,0.1917439950587203,0.01578940216037478,test
0.7557517470659868,0.2442482529340132,1.17063016741954,test
0.7248388097625104,0.27516119023748964,1.1846271490140494,test
0.736896430187185,0.263103569812815,1.2332315069980033,test
0.8047155611471662,0.19528443885283375,0.017966569497430238,test
0.893659358361101,0.106340641638899,0.008297843930616736,test
0.8783153155936583,0.12168468440634173,1.116399133689921,test
0.7727524492984205,0.22724755070157954,1.2245716502033734,test
0.5676652696526597,0.4323347303473404,0.12711508103706606,test
0.7230843389312082,0.27691566106879184,0.08653973679180252,test
0.8895311889578496,0.11046881104215034,0.03726508168465846,test
0.7725070736011594,0.22749292639884056,0.2137096308531457,test
0.636446582942748,0.36355341705725197,1.4464495208278039,test
0.7783777767499892,0.2216222232500108,0.16571513421047324,test
0.7280013092552671,0.27199869074473293,0.03251153789141838,test
0.7382759107167928,0.26172408928320723,1.048112957170503,test
0.8075802868455363,0.1924197131544637,0.06670453526781973,test
0.6563738856743312,0.3436261143256688,1.1995138200470723,test
0.7015777708941088,0.2984222291058912,1.291887920642852,test
0.707656537634984,0.29234346236501596,0.026406407464002503,test
0.6828042623973698,0.3171957376026302,0.1215104065652712,test
0.710570544924864,0.28942945507513596,0.02521791759702262,test
0.7146634270215021,0.2853365729784979,1.2691448730928563,test
0.5512181942046663,0.44878180579533367,1.3641682384584934,test
0.641358424563467,0.35864157543653297,1.3926644116878986,test
0.9083421579356162,0.09165784206438377,0.007095097626738501,test
0.7951854570573692,0.2048145429426308,1.1924547181518974,test
0.7960569009983207,0.20394309900167928,1.208366867757583,test
0.6502505143753533,0.3497494856246467,0.1610517465898962,test
0.7667883386475572,0.23321166135244276,0.031208724653108033,test
0.850968560716143,0.14903143928385698,0.011910518618781342,test
0.7665768665264718,0.23342313347352817,1.0840562703287333,test
0.7888450065030974,0.2111549934969026,0.030969308917944936,test
0.6773084883416516,0.3226915116583484,0.028756190725301667,test
0.6911866818487258,0.30881331815127433,0.04717279446012328,test
0.7225823657104501,0.2774176342895499,1.1926456517310484,test
0.6999692922069426,0.3000307077930574,0.026327324106922286,test
0.7837960100798645,0.21620398992013545,0.017979166262967382,test
0.8230036634869441,0.1769963365130559,0.01437664930507665,test
0.5606697393201773,0.4393302606798227,0.046240431339030004,test
0.7274465029075553,0.2725534970924448,0.030355759213285583,test
0.628262757089204,0.371737242910796,0.09585063654167517,test
0.586254287656432,0.41374571234356805,1.526985626557032,test
0.6120371542468414,0.38796284575315865,0.04920572542443265,test
0.6438061397359617,0.3561938602640383,0.06342194434813193,test
0.729862481030441,0.27013751896955895,0.029590212340269675,test
0.770736189413718,0.22926381058628198,1.24069202135963,test
0.7551992201990566,0.2448007798009434,0.030634502113087964,test
0.6064264736915455,0.39357352630845455,1.3292092348026667,test
0.6408283008184281,0.3591716991815719,0.03284237736535819,test
0.7497796626164717,0.25022033738352834,1.171792210501172,test
0.6858598491673586,0.31414015083264135,0.02783020958813163,test
0.7875387783899653,0.21246122161003467,0.017627576889390116,test
0.810326680080266,0.18967331991973402,0.025679925043472683,test
0.8781701999202142,0.12182980007978583,0.009588253706056324,test
0.8971956208184163,0.1028043791815837,0.011308091261117353,test
0.8536704444552756,0.14632955554472438,0.01167655663194461,test
0.6245442515363546,0.3754557484636454,1.469715988668564,test
0.6911866818487258,0.30881331815127433,1.3504453840253665,test
0.8153440438314028,0.1846559561685972,1.0375203084501758,test
0.8958572963644803,0.1041427036355197,0.027116119553967522,test
0.7023246873476252,0.2976753126523748,0.026736610013014046,test
0.6865946745238326,0.3134053254761674,0.12296517048567272,test
0.8639293255216561,0.13607067447834387,1.1270804558160907,test
0.6006886904089295,0.39931130959107053,0.27500210433522554,test
0.7230856995008318,0.2769143004991682,0.21787258426944758,test
0.6644721976945828,0.33552780230541734,0.030168344386823902,test
0.5980557923203389,0.4019442076796611,1.2008858546043664,test
0.7097106795437328,0.2902893204562672,1.1097932392044543,test
0.7794624065174041,0.22053759348259594,0.018388361168067635,test
0.8674722621042309,0.1325277378957691,0.05899949578639015,test
0.6926231266957226,0.30737687330427754,0.02710599046560911,test
0.803095199704368,0.19690480029563195,0.026985399792070548,test
0.5719156019049335,0.4280843980950665,0.5299593207209408,test
0.714358213224608,0.285641786775392,0.16923865742570032,test
0.6118006881287142,0.38819931187128576,1.1356297633784782,test
0.7723221174063266,0.2276778825936734,1.0674200115799775,test
0.5999617375112015,0.4000382624887985,0.3761838315249804,test
0.8884382639273307,0.11156173607266928,0.020601746309923216,test
0.8949668041122004,0.10503319588779958,0.008189945562184523,test
0.7255823381700418,0.2744176618299582,0.03558006968604103,test
0.7552022174392021,0.24479778256079798,0.13928505204207028,test
0.7764717901397099,0.2235282098602901,0.024462900041122383,test
0.7940585846663641,0.20594141533363586,0.19246418911444416,test
0.8216640199637751,0.17833598003622486,0.020172202526802074,test
0.7316560375262172,0.2683439624737828,0.023059716531578643,test
0.6557595718538373,0.34424042814616274,0.06372501915067252,test
0.7648203872809156,0.23517961271908439,0.019787941581764945,test
0.691045342749231,0.308954657250769,1.3473018519118531,test
0.586254287656432,0.41374571234356805,1.5259435566980808,test
0.7202221104431578,0.27977788955684224,1.0842696510601382,test
0.727292751173229,0.272707248826771,1.1811154100947052,test
0.8579307575871472,0.1420692424128528,0.012003331426196615,test
0.6437211033092786,0.35627889669072155,0.4027215175865753,test
0.5520331779652689,0.44796682203473115,0.12337929181653202,test
0.7179883308557623,0.2820116691442377,1.3153412009110754,test
0.6623194321858504,0.3376805678141497,0.030407844148616518,test
0.6923819334360946,0.30761806656390545,0.05589930831080726,test
0.6769495210907287,0.3230504789092713,0.028795316606116093,test
0.7476988555063738,0.2523011444936262,0.027541790876437156,test
0.6959638996690273,0.3040361003309726,1.0600958113864631,test
0.6086523574310219,0.39134764256897814,1.4290211315808237,test
0.645318569563821,0.35468143043617895,1.3956362507070623,test
0.7969748712892136,0.20302512871078637,0.016748529965716498,test
0.770736189413718,0.22926381058628198,0.11382791650999483,test
0.7841005692577743,0.21589943074222573,1.222958632468373,test
0.714344724975219,0.28565527502478105,1.1440851634885396,test
0.8000542400873001,0.19994575991269992,0.01646391344089221,test
0.7750339047191082,0.22496609528089184,0.01880887376064401,test
0.8712339017560383,0.12876609824396168,0.08718034274280058,test
0.5375019857971594,0.46249801420284065,1.597137947046939,test
0.6825504493832824,0.31744955061671765,1.3585080227900226,test
0.7136874251135319,0.286312574886468,0.05010982560819033,test
0.7522304207892289,0.24776957921077114,1.2089491314128074,test
0.887970554472569,0.11202944552743099,0.008769163686310092,test
0.6060155076797354,0.39398449232026456,0.03696478002537214,test
0.6865336971039491,0.31346630289605093,0.02775773362893732,test
0.7779861087221421,0.22201389127785776,0.03093173718876606,test
0.7201958187724887,0.2798041812275113,1.3272729547444402,test
0.7877629478941773,0.21223705210582267,0.018345481887185325,test
0.8823772230832879,0.11762277691671208,1.100763524691095,test
0.7921471203679353,0.20785287963206467,0.07027910710417498,test
0.7698578213099604,0.2301421786900396,0.019303429840304084,test
0.6611126018634977,0.33888739813650226,0.035391141897857525,test
0.7997236925952885,0.20027630740471147,0.11285419112472109,test
0.7245790880149298,0.27542091198507024,1.1979623699094148,test
0.6866983751980416,0.31330162480195856,1.3350727917032355,test
0.6304227809092723,0.3695772190907277,1.4278326858190158,test
0.7276890763523962,0.2723109236476038,1.1276473594770726,test
0.8940779975114055,0.10592200248859451,0.08220133761399948,test
0.8736419360966863,0.12635806390331372,0.011371166798038797,test
0.7941699524498901,0.20583004755010992,0.019575861796089333,test
0.7209143854436921,0.27908561455630787,0.024151288822067973,test
0.6669913670267513,0.3330086329732487,1.205716587720141,test
0.7758001674866508,0.22419983251334918,1.0903739511206958,test
0.6896075591590701,0.31039244084093,0.23707895994212957,test
0.7329465131738102,0.2670534868261898,0.022929657402695525,test
0.696600139127533,0.30339986087246695,1.351831850800845,test
0.645318569563821,0.35468143043617895,1.314547521321227,test
0.672760400873854,0.327239599126146,0.14756029241939309,test
0.7049204447709054,0.29507955522909457,1.1679481282854667,test
0.8457923015787887,0.1542076984212113,0.013526240632696855,test
0.7329465131738102,0.2670534868261898,0.05242521247904302,test
0.7104168753010927,0.28958312469890735,0.025233880375899152,test
0.6759514062698834,0.32404859373011663,0.11917923878415533,test
0.7154293351791626,0.28457066482083737,1.1564515530563844,test
0.5635721087292305,0.43642789127076953,1.4413554643348598,test
0.9080088898316704,0.09199111016832962,0.045348967255982385,test
0.77286597463068,0.22713402536932004,0.019015608467061025,test
0.6014717795249864,0.3985282204750136,0.05307283972379089,test
0.5676652696526597,0.4323347303473404,1.5252634928183209,test
0.787574260642776,0.21242573935722397,0.06652268077056193,test
0.897674204339834,0.10232579566016597,0.007967014715563785,test
0.6883647994300008,0.31163520056999916,0.027561147470886643,test
0.6498419205696088,0.35015807943039123,1.2021112342319307,test
0.798061085475203,0.20193891452479684,0.01664800920630575,test
0.7259489318045984,0.2740510681954016,1.0708948646504073,test
0.674788782886878,0.32521121711312195,0.029031266942751405,test
0.6414677417855685,0.35853225821443147,1.1083109755704512,test
0.7390287499119942,0.2609712500880058,1.208419120577226,test
0.7447088330101792,0.2552911669898208,1.088044915988888,test
0.909349746368508,0.09065025363149204,0.009923747182868448,test
0.779100466058158,0.22089953394184203,0.018422639802748674,test
0.7211928086385423,0.2788071913614577,1.2654110057251307,test
0.7159390178284554,0.28406098217154463,0.07142167788371734,test
0.7252344558698771,0.2747655441301229,1.1653565210727332,test
0.8011230191961342,0.19887698080386584,0.07319074513734808,test
0.7316909329638713,0.26830906703612867,1.2219828534087072,test
0.7305264388634312,0.26947356113656884,0.1652255201908747,test
0.6064264736915455,0.39357352630845455,0.03691474712745775,test
0.7915925609961119,0.20840743900388814,0.018322681641646157,test
0.6272787516411572,0.3727212483588428,0.053311393062677924,test
0.791938438719195,0.208061561280805,1.2327264908025601,test
0.6654528101803325,0.33454718981966747,1.39117165975731,test
0.7315488524200843,0.2684511475799157,0.023070529377148662,test
0.7647215887252227,0.23527841127477733,1.2400129130626762,test
0.7056620839545978,0.29433791604540216,0.025729508939228995,test
0.6437329004167199,0.35626709958328007,0.29239413881042453,test
0.8825057614445868,0.11749423855541319,0.05353149673605469,test
0.6802222729216477,0.3197777270783523,1.3255834912862303,test
0.8732429353500057,0.12675706464999426,0.010003522337709929,test
0.7886653682124058,0.21133463178759415,0.018180832469274884,test
0.6285360188923804,0.3714639811076196,0.034271832414046806,test
0.6934070411117165,0.30659295888828353,0.22751792322746137,test
0.8659342089691612,0.13406579103083882,0.010623835707445427,test
0.7748675611365549,0.22513243886344514,1.2536467745887618,test
0.7824906166986872,0.21750938330131275,0.06259540933680813,test
0.5635721087292305,0.43642789127076953,0.14367042706486768,test
0.90704207270584,0.09295792729415997,0.06424386496991365,test
0.6610514913325404,0.3389485086674596,0.07054117624140191,test
0.7143329634936088,0.28566703650639136,0.024828161099600288,test
0.7428861066473896,0.25711389335261037,0.0219355145724171,test
0.7526353697786324,0.24736463022136757,0.06988414698237674,test
0.8833406174524461,0.11665938254755392,0.020000197680334786,test
0.7898678220699088,0.2101321779300912,0.02023143817021018,test
0.6591048062546475,0.3408951937453525,1.3163032517379811,test
0.6371369087323644,0.3628630912676356,1.3340605111240544,test
0.8876842722160039,0.11231572778399612,0.020088899089542644,test
0.7055637890152788,0.29443621098472117,0.1341048883402696,test
0.700280064909318,0.29971993509068195,0.026294563782745244,test
0.7840128919771979,0.21598710802280208,0.14085789209486294,test
0.6219838474073375,0.3780161525926625,0.059640579697676846,test
0.7261909971820963,0.27380900281790366,0.05279397001335025,test
0.7708739432849201,0.2291260567150799,0.11479621204516399,test
0.7976485645402251,0.20235143545977485,0.016686168720123518,test
0.7744983667319985,0.22550163326800154,0.07513609615282882,test
0.665112029395578,0.334887970604422,0.033963075317412154,test
0.7042311076975439,0.29576889230245607,1.2182005849245432,test
0.8816784913007155,0.11832150869928448,0.010152756296415103,test
0.7038068712380633,0.2961931287619367,0.0259237983583717,test
0.6426855885437164,0.35731441145628373,0.03262878308442462,test
0.8478559511855872,0.1521440488144128,0.12089306479080512,test
0.6466732009368774,0.3533267990631226,0.18661608636843272,test
0.6386443213524928,0.3613556786475072,1.406280000116791,test
0.6840021429183402,0.31599785708165984,1.3295260494082413,test
0.78596158372496,0.21403841627504006,0.042290204161162005,test
0.8139791349281237,0.18602086507187632,0.025259254308974976,test
0.5996656186339022,0.4003343813660978,1.3837185869035362,test
0.6274389828116117,0.3725610171883883,1.3872391384796947,test
0.7301627999482162,0.2698372000517838,1.3138570871474955,test
0.7782033012999329,0.22179669870006713,0.08127469281097596,test
0.7943903149986612,0.2056096850013388,0.01698826263744004,test
0.6553645439571134,0.3446354560428866,0.05079598509974562,test
0.7750907047518452,0.22490929524815484,0.018803465063348533,test
0.7315158885471973,0.2684841114528027,0.02307385509489465,test
0.7660755572745128,0.23392444272548718,1.2524153247252359,test
0.9124815431064957,0.08751845689350435,0.006759530514143543,test
0.8157835064646035,0.18421649353539649,0.015026985010296664,test
0.7865894477291381,0.21341055227086192,0.023409685273390508,test
0.8712283115126321,0.12877168848736786,0.03754801641052623,test
0.7500181305431702,0.24998186945682976,0.05227023766289234,test
0.6945210069033056,0.30547899309669435,0.029684236197503825,test
0.9011720048565964,0.09882799514340357,0.029330328045893604,test
0.7598418749929469,0.24015812500705314,0.02026993174738421,test
0.8207256693806028,0.17927433061939724,0.17232544808587888,test
0.710570544924864,0.28942945507513596,1.3296856573668359,test
0.6734118071380081,0.3265881928619919,0.02918202572850829,test
0.7956304602331459,0.20436953976685412,0.01687313474905883,test
0.6646818224931904,0.3353181775068096,0.17705837919846346,test
0.7411277657621949,0.25887223423780514,0.05427550956521818,test
0.8757459807713469,0.12425401922865309,0.009792274306057126,test
0.6935445104789961,0.3064554895210039,0.08159885394534724,test
0.6167917410916368,0.3832082589083631,1.440010253261917,test
0.6914680828219268,0.30853191717807316,0.2003470886146063,test
0.7779443076574675,0.22205569234253253,0.16214389541867977,test
0.7634764875629101,0.2365235124370899,1.2417345072249084,test
0.6694610405353854,0.33053895946461465,1.0415801787992136,test
0.6604591786240342,0.33954082137596575,0.2618890894009015,test
0.7656213355210411,0.23437866447895894,0.21802297904990797,test
0.8126513982181045,0.1873486017818955,0.08137058822378096,test
0.7704299153134494,0.2295700846865506,0.02120069714299366,test
0.7492701589352532,0.25072984106474683,0.030562702896382975,test
0.7001300074828364,0.2998699925171636,0.026310380376900158,test
0.6247222688472798,0.37527773115272023,1.2168392363590943,test
0.7950591524370761,0.20494084756292386,0.018704085488187094,test
0.6178948513074719,0.3821051486925281,0.1467504922647656,test
0.5900684746706639,0.4099315253293361,1.1143465359712739,test
0.5525989559439402,0.44740104405605985,1.5034159386021295,test
0.6614095043853994,0.33859049561460064,0.2568689868775667,test
0.7782786821333069,0.22172131786669314,1.0428926571204222,test
0.7239611443816074,0.2760388556183926,0.043561222724065506,test
0.5969433458205721,0.40305665417942793,0.053904065418516285,test
0.7864437696760836,0.21355623032391635,0.017730266955573542,test
0.8884382639273307,0.11156173607266928,0.029613292420129833,test
0.7348775200220384,0.2651224799779617,0.032962458991319776,test
0.6625514542954076,0.3374485457045924,0.030381993793118116,test
0.6699691655298196,0.33003083447018045,0.08572305860918991,test
0.6402522549444187,0.35974774505558127,0.03545037719195504,test
0.6221681450661841,0.3778318549338159,0.035023376233863944,test
0.7485192411375132,0.2514807588624868,0.10841224761822645,test
0.6328847551790217,0.36711524482097835,0.039787373562639,test
0.772373134495016,0.227626865504984,0.022502705180916006,test
0.7118962136815498,0.28810378631845024,0.025080353937164422,test
0.6806734614797727,0.3193265385202274,1.3773796999070578,test
0.7751791162994596,0.22482088370054032,0.018795046995889204,test
0.7912966039127836,0.20870339608721644,0.03874648864704196,test
0.6865189199476855,0.31348108005231445,0.25349098506373485,test
0.8230481483672712,0.17695185163272875,0.017805852906309476,test
0.780749437959631,0.21925056204036897,0.05292929381820744,test
0.6827372075480088,0.3172627924519912,1.369506831285208,test
0.8084691696292567,0.19153083037074325,0.015691699280220853,test
0.690822318701812,0.309177681298188,0.027298129816158527,test
0.79244118774347,0.20755881225652995,0.028665850160421964,test
0.7543847290313336,0.24561527096866653,0.020801901916247506,test
0.6950589470721491,0.3049410529278509,0.0268468910530658,test
0.7724599539957088,0.22754004600429112,0.09711603244092282,test
0.6810912733474063,0.31890872665259384,0.13653027499918569,test
0.6235017474535628,0.3764982525464371,1.4190728065560199,test
0.8059624352613955,0.19403756473860445,0.09565473594977841,test
0.7968603490919395,0.20313965090806052,0.018808291393073388,test
0.7299919785543405,0.2700080214456595,0.10906413919904621,test
0.7211420616169433,0.2788579383830567,0.024127983987332267,test
0.7641070728734208,0.23589292712657917,0.05151367691638358,test
0.7994260351962865,0.20057396480371348,0.0946031648574369,test
0.5308369388506357,0.46916306114936435,0.06282423236749754,test
0.918545859622892,0.08145414037710796,0.0545859284304454,test
0.7988870765706019,0.20111292342939813,0.021047417215566865,test
0.7069533022678168,0.29304669773218317,0.3332393317289284,test
0.6876533731114561,0.31234662688854387,0.0390224267860483,test
0.7711815048388062,0.2288184951611938,0.07301487917638323,test
0.8228224384686115,0.17717756153138853,0.05335366126792344,test
0.6950640256446995,0.3049359743553005,0.09405348486376185,test
0.7983107032829991,0.20168929671700087,0.07302305159352611,test
0.6577601217666033,0.34223987823339674,0.030917657829400414,test
0.6206009085836339,0.3793990914163661,0.07084387583136743,test
0.8683279819085489,0.13167201809145113,0.011252266181813422,test
0.8564622977294363,0.14353770227056384,0.037669737114144,test
0.7157378496982306,0.2842621503017694,0.07849449892475355,test
0.6121361568227167,0.3878638431772833,1.3464036994018291,test
0.768803796554948,0.23119620344505198,0.02103234516196965,test
0.8884854699854645,0.11151453001453548,0.008726378618147132,test
0.7368933793513204,0.2631066206486796,1.2236990892688395,test
0.8905219927925545,0.1094780072074455,0.07384050820114849,test
0.7942794056571109,0.20572059434288914,0.016998567571347063,test
0.6769623863756926,0.3230376136243074,1.2645062631843342,test
0.7903381430629673,0.20966185693703265,0.017365699796957096,test
0.7430174888006909,0.25698251119930915,1.0863971382583966,test
0.6998787313040427,0.30012126869595734,0.16071303798438402,test
0.7472795785693386,0.2527204214306614,0.04300865448464319,test
0.6443039557817706,0.35569604421822953,1.4371676250070897,test
0.6425866480590667,0.35741335194093327,0.043849121486393236,test
0.6985160368711969,0.3014839631288031,1.2412433516580847,test
0.7855725982128053,0.21442740178719466,0.15627801866549115,test
0.7321388649406567,0.2678611350593433,1.0448388002434574,test
0.7963245282210921,0.20367547177890788,0.054736697392871764,test
0.8794091956762204,0.12059080432377955,0.03270247798221617,test
0.7429633339857598,0.25703666601424024,0.20433861490482735,test
0.6583682745317943,0.34163172546820575,0.09490007679244597,test
0.7184211217583918,0.2815788782416082,0.061347329008067615,test
0.7434479120047609,0.2565520879952391,0.03779043915954003,test
0.6475581014368506,0.35244189856314945,0.273093825720037,test
0.7428861066473896,0.25711389335261037,0.02681163391259358,test
0.6301487567644588,0.3698512432355412,0.2684912534810934,test
0.6873710778154524,0.31262892218454763,1.1368887836665469,test
0.7557035529702416,0.2442964470297584,0.049968193276301136,test
0.6566916909511594,0.3433083090488406,0.41330054381929254,test
0.8599701731370849,0.1400298268629151,0.015143591623004268,test
0.6660607825862843,0.3339392174137157,0.3555059369972828,test
0.6526546792406959,0.34734532075930413,0.036645144778100554,test
0.7733741909318054,0.22662580906819463,0.02902718055456884,test
0.8317918584172166,0.1682081415827834,0.04547252042533542,test
0.7864437696760836,0.21355623032391635,0.017730266955573542,test
0.6822966311354237,0.3177033688645763,1.3680931531883487,test
0.5558149889652648,0.4441850110347352,1.491180153264273,test
0.747827241873382,0.2521727581266181,1.2458241612037153,test
0.7835299025888386,0.2164700974111613,1.216450948597045,test
0.7036002208143856,0.29639977918561444,1.2015870132433188,test
0.8720951792753863,0.12790482072461373,0.013226412215177355,test
0.7053158309873729,0.29468416901262706,0.11042903691269543,test
0.7155853644987319,0.2844146355012681,0.19916370328995142,test
0.6790497580633269,0.3209502419366731,0.08853707814177256,test
0.7177735046010937,0.2822264953989063,0.09886738010667175,test
0.6570018340522685,0.34299816594773147,0.03100279077107537,test
0.6014762086232851,0.3985237913767149,1.4745037972273014,test
0.8726257540705032,0.12737424592949675,0.010055703276392262,test
0.8130548899147297,0.18694511008527026,0.015274257395453607,test
0.8213481893312626,0.17865181066873737,0.06332495728079073,test
0.6672622086406371,0.3327377913593629,1.26986798134585,test
0.7739688077880759,0.22603119221192425,0.018910369479685756,test
0.7249404523830811,0.27505954761691886,1.3195887346294104,test
0.7579581047933938,0.24204189520660624,0.0740421492118894,test
0.777884417319632,0.22211558268036802,0.03143138932137653,test
0.8611997279505402,0.13880027204945966,0.015180676734664618,test
0.650964013796048,0.34903598620395215,0.05081559788270009,test
0.8867025790118066,0.1132974209881934,0.008874627445911776,test
0.7718503414484362,0.22814965855156377,0.026077219787027078,test
0.6324202593363762,0.36757974066362376,0.03381713953532335,test
0.7011594742264674,0.2988405257735326,1.3519126691765047,test
0.6027571677508333,0.3972428322491667,0.041242610203505704,test
0.8061642195824255,0.19383578041757454,0.0911591881304565,test
0.7314007290085804,0.26859927099141956,1.2448385169165224,test
0.8869680285751997,0.11303197142480026,0.008852536223372943,test
0.6700208128099944,0.32997918719000574,1.3725499296051151,test
0.707656537634984,0.29234346236501596,0.1183723168232924,test
0.5786652415042197,0.4213347584957803,0.04037316077223207,test
0.7661313308146708,0.23386866918532923,1.259792783063751,test
0.8925604885614155,0.10743951143858455,0.030429505296894088,test
0.7646462105806919,0.23535378941930807,0.021341760798608955,test
0.6935351104439974,0.3064648895560026,0.03603480465086912,test
0.6421075156743301,0.35789248432567,1.2754178836993255,test
0.6274389828116117,0.3725610171883883,0.06026296091577683,test
0.40459143872996245,0.5954085612700375,0.09981015620117037,test
0.6546609140609615,0.3453390859390385,0.03126622702873971,test
0.6694607635559953,0.33053923644400485,0.0368034990735181,test
0.7894671930759668,0.2105328069240332,0.01744707655531766,test
0.7338182341671107,0.2661817658328893,0.29173590197815297,test
0.6940937019957932,0.30590629800420677,0.02983728202116519,test
0.8642794420417628,0.13572055795823723,0.014795307923511768,test
0.7398137360880888,0.26018626391191124,0.07152162387711695,test
0.7456543451478383,0.25434565485216165,0.2259285374970692,test
0.892193964641064,0.10780603535893596,0.10777653266754929,test
0.5994886450720771,0.4005113549279229,1.458486179161504,test
0.747827241873382,0.2521727581266181,0.021446248736918347,test
0.7439220581978558,0.25607794180214416,1.293317858164631,test
0.7126090845347396,0.2873909154652604,0.3067265638478712,test
0.7375647073303002,0.2624352926696998,0.023515928906522304,test
0.7209143854436921,0.27908561455630787,0.3002999811116664,test
0.7413950400538935,0.25860495994610655,0.06362860162528672,test
0.6056839064285153,0.39431609357148456,1.3825307428092188,test
0.8141105415722236,0.18588945842777638,1.2004024368043291,test
0.6230967599039577,0.37690324009604226,0.37504628125477923,test
0.6406362802302842,0.3593637197697158,0.040872954185878635,test
0.681298769560475,0.31870123043952503,0.08590515180547448,test
0.6889945599474004,0.31100544005259956,0.02764627515160567,test
0.7732275275082727,0.22677247249172727,0.025970787068945133,test
0.5813609223321653,0.4186390776678347,1.45595756399293,test
0.6829695820043298,0.31703041799567033,0.03194520765934417,test
0.6330090517410836,0.3669909482589164,0.03561603980491853,test
0.8337582157292516,0.16624178427074843,0.12310861532852464,test
0.7075317946124215,0.29246820538757845,0.09140369762223362,test
0.8424355593484438,0.15756444065155617,0.014640455563268448,test
0.6516167892373718,0.34838321076262835,0.06729210825320382,test
0.7229309500442973,0.2770690499557027,0.023945129751040406,test
0.6285910009343727,0.3714089990656273,0.05580549450602383,test
0.8002075537487748,0.19979244625122516,0.01644977177665748,test
0.715316102797609,0.28468389720239096,0.03503256771779453,test
0.7172058071409311,0.2827941928590689,0.026235763272286095,test
0.7143765537115087,0.28562344628849134,1.2547178882645729,test
0.7694440305573118,0.2305559694426882,0.019665239419982782,test
0.7225087111454924,0.2774912888545076,0.023988248781459453,test
0.7163652096295736,0.2836347903704265,1.2870644025341236,test
0.6459773879891001,0.3540226120109,0.049442139309651474,test
0.716424621627075,0.283575378372925,0.029540256729706844,test
0.893659358361101,0.106340641638899,1.060403016840369,test
0.85045552190974,0.14954447809025995,0.15390443773701704,test
0.630934338782893,0.36906566121710693,0.1552169519942106,test
0.8739017827182206,0.1260982172817794,1.0320314341344325,test
0.5866457407512827,0.41335425924871727,0.277809666419056,test
0.7648392130056724,0.23516078699432763,0.01978612494704938,test
0.6834469783932186,0.31655302160678156,0.02809031203640993,test
0.6974402781491196,0.3025597218508804,0.0981748230711455,test
0.683652055326558,0.31634794467344196,1.346034243904782,test
0.8762766916021015,0.12372330839789847,0.012906148225654843,test
0.6630438551613498,0.3369561448386502,1.3726230549122127,test
0.7230856995008318,0.2769143004991682,0.023929333044805098,test
0.5695072512690506,0.43049274873094945,0.04155053072793224,test
0.9266791731799673,0.07332082682003271,0.015045446791801307,test
0.715833909949077,0.28416609005092297,0.024673247571198584,test
0.7436500159183214,0.25634998408167864,0.15618051013477857,test
0.6064902899065753,0.3935097100934247,0.03825693959629821,test
0.648416621757801,0.351583378242199,0.03197356503220738,test
0.7843569941808103,0.21564300581918971,0.14414123615646177,test
0.6660607825862843,0.3339392174137157,0.03505780544425484,test
0.7452549402816774,0.2547450597183226,0.025906357752234016,test
0.7681416418343002,0.23185835816569977,0.04647467513290205,test
0.7565007651727769,0.24349923482722313,0.045745026485894784,test
0.7955834312494127,0.20441656875058734,0.01687749737255181,test
0.6969580867630454,0.3030419132369546,1.3464820517873066,test
0.7895366710544132,0.21046332894558673,0.15050337120369284,test
0.5597215981496617,0.4402784018503383,0.04282970414233015,test
0.6300472594511116,0.3699527405488884,0.034094592082727325,test
0.8526416907211802,0.14735830927881977,0.01447639875508349,test
0.6622523353954493,0.33774766460455075,0.0304153213134283,test
0.8084498236697982,0.19155017633020177,0.16240819108179816,test
0.7262487938612865,0.2737512061387135,0.02360718543735614,test
0.7006056566352027,0.2993943433647973,0.05278088330832137,test
0.837828529239401,0.162171470760599,0.013059038186958501,test
0.7779141167906185,0.2220858832093815,0.01853510824281238,test
0.6472638046881779,0.3527361953118221,1.4214624458450975,test
0.6167917410916368,0.3832082589083631,0.05478450687404144,test
0.7553673799044162,0.24463262009558384,0.11176432674319305,test
0.8337582157292516,0.16624178427074843,0.01756755921621192,test
0.6965381692137261,0.30346183078627387,0.0285037463946216,test
0.6101913598260208,0.3898086401739792,0.04507594546338626,test
0.928012734829142,0.07198726517085796,0.005513894031748279,test
0.6868885172727187,0.3131114827272813,0.04117147715924124,test
0.7810253274959194,0.21897467250408065,0.01824052268161271,test
0.862668937127339,0.13733106287266095,0.05072742612428728,test
0.7942270807939651,0.2057729192060349,0.018475560517506304,test
0.8741461300786737,0.1258538699213263,0.009927226205820627,test
0.7134931961342776,0.28650680386572236,0.02491497602709547,test
0.699765727367634,0.300234272632366,0.29172369617467125,test
0.7957126737833372,0.2042873262166628,0.1628624033860217,test
0.7976485645402251,0.20235143545977485,1.1817509240524857,test
0.8669276750592272,0.1330723249407728,0.012114449376736813,test
0.8825443708736895,0.11745562912631047,0.013727426944222338,test
0.766741671435452,0.23325832856454798,1.0380769808736359,test
0.7045477663848249,0.29545223361517525,0.04614752366169091,test
0.6585722614709874,0.34142773852901265,0.12063004120081247,test
0.6918483409239083,0.30815165907609166,0.12346724558690204,test
0.7086658103074459,0.2913341896925541,0.09504913637507278,test
0.6120371542468414,0.38796284575315865,1.4311127369687158,test
0.7124979159060912,0.28750208409390876,1.3324261673021043,test
0.617283170681545,0.38271682931845497,1.2693708514618067,test
0.7362127529117085,0.2637872470882915,0.16214147633549542,test
0.6044828468331715,0.39551715316682845,1.382302478026377,test
0.8690464669355924,0.1309535330644075,1.1007107836728194,test
0.7635350355388199,0.23646496446118015,0.01991208063585033,test
0.7190718801397867,0.28092811986021327,1.3046475074690087,test
0.7866244853227066,0.21337551467729343,1.2389547927642888,test
0.8716884517113958,0.12831154828860436,0.013248393502084288,test
0.8962708361782675,0.10372916382173247,0.024834175152920343,test
0.8576969711228478,0.14230302887715218,0.011329261397871018,test
0.6881336399696488,0.3118663600303512,1.0599645329497775,test
0.6436685678383147,0.3563314321616853,1.1069870681415672,test
0.7242670333317555,0.27573296666824454,0.023808854683015704,test
0.7643193000819533,0.23568069991804674,0.09753069170340745,test
0.7060077903689487,0.2939922096310513,0.1480189973914556,test
0.8681866181234497,0.13181338187655034,0.015456776704828295,test
0.7229507920863573,0.27704920791364274,1.2743578116754024,test
0.7302628203300114,0.26973717966998856,0.11751152576994477,test
0.8884382639273307,0.11156173607266928,0.02069726895728433,test
0.7203883891665016,0.2796116108334984,1.2768912754456954,test
0.6372824702391728,0.36271752976082716,0.04276296521129031,test
0.7211420616169433,0.2788579383830567,0.10992692576585394,test
